272.080000 0.410997 -0.060000 -0.000091 437.320000 0.660604 244.260000 0.368973
151.940000 0.420886 10.060000 0.027867 236.970000 0.656427 135.700000 0.375900
78.720000 0.416508 2.180000 0.011534 124.630000 0.659418 70.800000 0.374603
138.750000 0.420455 -5.910000 -0.017909 221.340000 0.670727 124.200000 0.376364
71.640000 0.404746 4.860000 0.027458 115.580000 0.652994 64.630000 0.365141
1697.600000 0.400377 103.760000 0.024472 2784.160000 0.656642 1523.440000 0.359302
601.840000 0.431117 29.960000 0.021461 928.000000 0.664756 539.040000 0.386132
787.840000 0.391571 53.640000 0.026660 1287.920000 0.640119 709.360000 0.352565
152.980000 0.404709 0.830000 0.002196 249.410000 0.659815 137.100000 0.362698
66.230000 0.408827 -1.820000 -0.011235 106.280000 0.656049 59.910000 0.369815
129.300000 0.405329 15.460000 0.048464 206.720000 0.648025 115.780000 0.362947
280.860000 0.393361 37.620000 0.052689 462.870000 0.648277 252.330000 0.353403
145.630000 0.446718 13.480000 0.041350 217.840000 0.668221 130.090000 0.399049
219.940000 0.397004 10.240000 0.018484 358.580000 0.647256 197.220000 0.355993
86.480000 0.386071 3.410000 0.015223 142.370000 0.635580 77.680000 0.346786
198.050000 0.438164 27.790000 0.061482 296.340000 0.655619 177.600000 0.392920
112.070000 0.434380 5.120000 0.019845 167.840000 0.650543 100.620000 0.390000
1382.250000 0.416968 94.050000 0.028371 2157.750000 0.650905 1236.300000 0.372941
255.360000 0.420000 47.920000 0.078816 390.520000 0.642303 230.520000 0.379145
165.400000 0.436412 17.230000 0.045462 247.650000 0.653430 148.740000 0.392454
2303.160000 0.400689 70.080000 0.012192 3780.120000 0.657641 2060.040000 0.358392
292.350000 0.408881 10.510000 0.014699 469.730000 0.656965 262.960000 0.367776
300.180000 0.432536 39.120000 0.056369 442.820000 0.638069 272.000000 0.391931
57.060000 0.396250 -0.420000 -0.002917 93.720000 0.650833 51.580000 0.358194
215.880000 0.405789 10.080000 0.018947 353.460000 0.664398 192.940000 0.362669
346.280000 0.401717 6.520000 0.007564 564.340000 0.654687 309.360000 0.358886
566.720000 0.390303 -14.480000 -0.009972 956.600000 0.658815 507.120000 0.349256
215.120000 0.393993 14.600000 0.026740 353.820000 0.648022 192.940000 0.353370
301.680000 0.383817 17.780000 0.022621 512.220000 0.651679 270.080000 0.343613
199.500000 0.412190 -16.620000 -0.034339 331.360000 0.684628 177.480000 0.366694
322.370000 0.420849 -4.310000 -0.005627 505.540000 0.659974 290.990000 0.379883
152.680000 0.441272 5.300000 0.015318 229.280000 0.662659 137.500000 0.397399
324.180000 0.361002 -60.220000 -0.067060 602.840000 0.671314 288.160000 0.320891
93.890000 0.402961 -2.190000 -0.009399 154.730000 0.664077 83.870000 0.359957
145.220000 0.404513 17.880000 0.049805 229.960000 0.640557 130.690000 0.364039
113.160000 0.384898 7.170000 0.024388 188.410000 0.640850 101.800000 0.346259
220.030000 0.407463 1.430000 0.002648 355.370000 0.658093 197.430000 0.365611
285.620000 0.480842 35.180000 0.059226 391.280000 0.658721 258.240000 0.434747
175.700000 0.402982 19.100000 0.043807 276.060000 0.633165 158.640000 0.363853
767.800000 0.410150 2.680000 0.001432 1226.760000 0.655321 681.920000 0.364274
259.650000 0.406975 1.210000 0.001897 419.250000 0.657132 233.170000 0.365470
86.690000 0.401343 15.820000 0.073241 136.980000 0.634167 78.130000 0.361713
310.580000 0.394137 11.900000 0.015102 509.380000 0.646421 279.060000 0.354137
199.110000 0.404695 -15.040000 -0.030569 328.790000 0.668272 176.360000 0.358455
222.560000 0.456066 16.720000 0.034262 327.260000 0.670615 199.120000 0.408033
193.620000 0.423676 7.420000 0.016236 301.550000 0.659847 173.690000 0.380066
555.900000 0.441190 61.740000 0.049000 833.160000 0.661238 501.660000 0.398143
92.650000 0.386042 2.800000 0.011667 152.150000 0.633958 83.830000 0.349292
188.900000 0.424494 10.870000 0.024427 293.630000 0.659843 169.340000 0.380539
206.220000 0.405945 32.420000 0.063819 326.420000 0.642559 185.000000 0.364173
53.490000 0.434878 -3.950000 -0.032114 83.250000 0.676829 48.560000 0.394797
210.920000 0.421840 12.290000 0.024580 327.320000 0.654640 191.020000 0.382040
1028.680000 0.415460 73.840000 0.029822 1619.640000 0.654136 924.160000 0.373247
116.580000 0.386026 5.410000 0.017914 196.630000 0.651093 104.530000 0.346126
131.470000 0.439699 24.660000 0.082475 189.460000 0.633645 118.690000 0.396957
219.120000 0.445366 24.680000 0.050163 324.100000 0.658740 197.340000 0.401098
360.500000 0.408730 23.780000 0.026961 573.700000 0.650454 325.420000 0.368957
199.530000 0.395893 2.340000 0.004643 328.880000 0.652540 179.600000 0.356349
157.600000 0.466272 9.840000 0.029112 222.900000 0.659467 141.880000 0.419763
283.280000 0.395642 7.280000 0.010168 472.000000 0.659218 253.700000 0.354330
120.200000 0.429286 15.760000 0.056286 183.160000 0.654143 107.940000 0.385500
192.970000 0.403703 -22.330000 -0.046715 328.520000 0.687280 171.900000 0.359623
147.660000 0.424310 25.940000 0.074540 218.520000 0.627931 134.840000 0.387471
590.640000 0.415944 50.400000 0.035493 909.880000 0.640761 534.280000 0.376254
105.050000 0.413583 17.000000 0.066929 163.560000 0.643937 93.850000 0.369488
474.100000 0.417709 38.840000 0.034220 730.110000 0.643269 427.480000 0.376634
262.660000 0.374160 -9.760000 -0.013903 457.920000 0.652308 236.160000 0.336410
65.920000 0.404417 5.060000 0.031043 106.450000 0.653067 59.350000 0.364110
152.730000 0.393634 4.830000 0.012448 254.460000 0.655825 137.980000 0.355619
160.200000 0.410769 5.790000 0.014846 255.070000 0.654026 144.490000 0.370487
227.100000 0.412909 30.780000 0.055964 353.780000 0.643236 204.040000 0.370982
103.930000 0.405977 14.060000 0.054922 161.930000 0.632539 93.430000 0.364961
122.350000 0.444909 12.680000 0.046109 176.800000 0.642909 110.760000 0.402764
329.040000 0.424021 53.740000 0.069253 496.880000 0.640309 297.500000 0.383376
422.000000 0.434156 78.400000 0.080658 618.760000 0.636584 379.000000 0.389918
31.520000 0.394000 3.010000 0.037625 51.860000 0.648250 28.120000 0.351500
3510.400000 0.428935 120.240000 0.014692 5349.440000 0.653646 3179.840000 0.388543
309.680000 0.423060 0.200000 0.000273 489.760000 0.669071 277.560000 0.379180
240.700000 0.412158 18.500000 0.031678 379.560000 0.649932 216.960000 0.371507
121.340000 0.422787 1.420000 0.004948 189.310000 0.659617 109.170000 0.380383
141.280000 0.426828 3.710000 0.011208 219.970000 0.664562 126.970000 0.383595
132.480000 0.393116 9.450000 0.028042 219.350000 0.650890 118.410000 0.351365
208.740000 0.432174 4.920000 0.010186 322.880000 0.668489 188.610000 0.390497
110.050000 0.431569 7.740000 0.030353 167.030000 0.655020 99.210000 0.389059
127.440000 0.433469 27.510000 0.093571 187.500000 0.637755 115.670000 0.393435
37.940000 0.395208 -4.000000 -0.041667 62.420000 0.650208 33.610000 0.350104
156.930000 0.404459 11.060000 0.028505 250.200000 0.644845 140.680000 0.362577
220.500000 0.437500 16.020000 0.031786 337.680000 0.670000 196.350000 0.389583
144.790000 0.419681 11.720000 0.033971 226.000000 0.655072 131.270000 0.380493
146.580000 0.404917 0.130000 0.000359 236.670000 0.653785 131.480000 0.363204
837.440000 0.417884 29.040000 0.014491 1315.760000 0.656567 752.120000 0.375309
1043.760000 0.416172 64.800000 0.025837 1656.660000 0.660550 935.880000 0.373158
342.700000 0.411899 34.400000 0.041346 536.740000 0.645120 308.400000 0.370673
96.320000 0.413391 2.250000 0.009657 153.650000 0.659442 87.230000 0.374378
63.260000 0.408129 2.950000 0.019032 102.240000 0.659613 56.750000 0.366129
144.640000 0.435663 5.520000 0.016627 223.060000 0.671867 128.380000 0.386687
245.940000 0.346394 -10.160000 -0.014310 460.530000 0.648634 219.450000 0.309085
133.840000 0.431742 2.680000 0.008645 207.580000 0.669613 119.410000 0.385194
463.440000 0.402292 13.940000 0.012101 733.260000 0.636510 416.940000 0.361927
101.400000 0.382642 -4.070000 -0.015358 174.390000 0.658075 90.720000 0.342340
326.160000 0.434880 22.260000 0.029680 495.160000 0.660213 292.200000 0.389600
386.780000 0.448701 26.440000 0.030673 571.200000 0.662645 345.940000 0.401323
235.670000 0.410575 7.230000 0.012596 382.640000 0.666620 211.270000 0.368066
118.260000 0.434779 -0.020000 -0.000074 183.900000 0.676103 104.960000 0.385882
200.770000 0.410573 3.450000 0.007055 319.180000 0.652720 180.040000 0.368180
50.460000 0.382273 -13.260000 -0.100455 89.520000 0.678182 45.290000 0.343106
1438.880000 0.450777 201.680000 0.063183 2101.520000 0.658371 1294.560000 0.405564
504.980000 0.407242 20.920000 0.016871 817.960000 0.659645 452.660000 0.365048
111.570000 0.419436 12.090000 0.045451 172.770000 0.649511 100.660000 0.378421
132.460000 0.379542 -10.230000 -0.029312 226.220000 0.648195 118.250000 0.338825
161.750000 0.471574 21.800000 0.063557 228.340000 0.665714 145.680000 0.424723
554.080000 0.411039 39.000000 0.028932 898.600000 0.666617 493.240000 0.365905
115.370000 0.407668 7.330000 0.025901 183.450000 0.648233 103.590000 0.366042
152.300000 0.431445 9.150000 0.025921 234.660000 0.664759 136.350000 0.386261
185.210000 0.402630 1.890000 0.004109 299.200000 0.650435 166.590000 0.362152
287.940000 0.454164 25.340000 0.039968 417.180000 0.658013 259.960000 0.410032
292.750000 0.443561 54.380000 0.082394 428.290000 0.648924 263.630000 0.399439
123.270000 0.385219 -2.730000 -0.008531 211.140000 0.659813 110.090000 0.344031
317.160000 0.401468 36.520000 0.046228 507.620000 0.642557 285.720000 0.361671
163.450000 0.406592 4.550000 0.011318 263.330000 0.655050 146.620000 0.364726
203.700000 0.397852 -15.300000 -0.029883 336.640000 0.657500 182.480000 0.356406
184.640000 0.379918 0.800000 0.001646 313.220000 0.644486 168.020000 0.345720
287.620000 0.396171 18.340000 0.025262 473.300000 0.651928 258.040000 0.355427
662.520000 0.434724 33.000000 0.021654 998.880000 0.655433 592.080000 0.388504
211.140000 0.392454 4.520000 0.008401 350.580000 0.651636 188.200000 0.349814
87.770000 0.410140 -0.180000 -0.000841 140.240000 0.655327 79.240000 0.370280
120.080000 0.405676 -8.880000 -0.030000 198.010000 0.668953 106.910000 0.361182
113.700000 0.356426 -8.640000 -0.027085 205.080000 0.642884 101.470000 0.318088
97.370000 0.461469 6.820000 0.032322 139.890000 0.662986 87.620000 0.415261
222.280000 0.375473 15.340000 0.025912 380.020000 0.641926 198.740000 0.335709
252.960000 0.422304 -15.900000 -0.026544 404.070000 0.674574 226.440000 0.378030
83.350000 0.406585 4.440000 0.021659 134.460000 0.655902 75.420000 0.367902
84.020000 0.407864 10.960000 0.053204 132.780000 0.644563 75.920000 0.368544
145.530000 0.396540 -5.380000 -0.014659 241.320000 0.657548 130.380000 0.355259
208.420000 0.364371 -10.600000 -0.018531 382.810000 0.669248 186.280000 0.325664
247.160000 0.383789 -3.200000 -0.004969 422.060000 0.655373 219.500000 0.340839
131.530000 0.442862 9.800000 0.032997 195.370000 0.657811 118.720000 0.399731
347.440000 0.412637 31.260000 0.037126 545.500000 0.647862 312.140000 0.370713
409.410000 0.438810 6.660000 0.007138 623.610000 0.668392 364.590000 0.390772
703.720000 0.412981 16.440000 0.009648 1108.120000 0.650305 632.760000 0.371338
152.600000 0.466667 25.380000 0.077615 215.390000 0.658685 137.600000 0.420795
367.600000 0.441827 27.280000 0.032788 552.080000 0.663558 333.360000 0.400673
572.760000 0.401092 -6.360000 -0.004454 937.760000 0.656695 508.480000 0.356078
593.480000 0.365443 -4.840000 -0.002980 1053.240000 0.648547 531.680000 0.327389
143.390000 0.424231 -2.120000 -0.006272 222.740000 0.658994 129.360000 0.382722
206.920000 0.429295 26.120000 0.054191 315.520000 0.654606 185.520000 0.384896
191.090000 0.420903 3.720000 0.008194 301.060000 0.663128 170.830000 0.376278
224.340000 0.384144 17.900000 0.030651 375.800000 0.643493 201.000000 0.344178
118.350000 0.405308 14.090000 0.048253 187.050000 0.640582 107.330000 0.367568
243.420000 0.397745 11.680000 0.019085 402.760000 0.658105 217.720000 0.355752
100.580000 0.368425 1.210000 0.004432 179.740000 0.658388 90.100000 0.330037
82.540000 0.396827 -2.760000 -0.013269 135.780000 0.652788 74.340000 0.357404
149.830000 0.390182 3.980000 0.010365 247.340000 0.644115 135.280000 0.352292
606.040000 0.415665 7.600000 0.005213 968.860000 0.664513 545.160000 0.373909
252.500000 0.382576 -6.180000 -0.009364 437.180000 0.662394 225.360000 0.341455
163.100000 0.397805 -8.740000 -0.021317 266.070000 0.648951 146.470000 0.357244
258.600000 0.407886 35.700000 0.056309 412.340000 0.650379 230.780000 0.364006
321.140000 0.383222 20.460000 0.024415 541.240000 0.645871 287.080000 0.342578
173.020000 0.430398 20.450000 0.050871 264.300000 0.657463 153.840000 0.382687
250.780000 0.403183 -3.620000 -0.005820 415.780000 0.668457 224.660000 0.361190
922.600000 0.408954 77.760000 0.034468 1430.680000 0.634167 826.520000 0.366365
713.400000 0.381906 20.760000 0.011113 1204.240000 0.644668 640.040000 0.342634
220.920000 0.445403 14.960000 0.030161 329.560000 0.664435 197.600000 0.398387
202.420000 0.440043 24.480000 0.053217 300.060000 0.652304 181.540000 0.394652
431.000000 0.403558 6.480000 0.006067 705.120000 0.660225 385.400000 0.360861
128.410000 0.396327 -4.450000 -0.013735 213.160000 0.657901 114.950000 0.354784
51.490000 0.399147 2.820000 0.021860 84.410000 0.654341 46.420000 0.359845
423.240000 0.393346 6.840000 0.006357 703.560000 0.653866 380.280000 0.353420
54.380000 0.405821 1.690000 0.012612 88.350000 0.659328 48.710000 0.363507
210.660000 0.450128 30.740000 0.065684 305.620000 0.653034 189.920000 0.405812
58.390000 0.384145 4.220000 0.027763 97.760000 0.643158 52.530000 0.345592
363.440000 0.404722 35.740000 0.039800 587.600000 0.654343 326.840000 0.363964
90.240000 0.397533 11.950000 0.052643 147.310000 0.648943 80.960000 0.356652
226.340000 0.423858 -30.020000 -0.056217 354.640000 0.664120 201.560000 0.377453
609.000000 0.390385 71.900000 0.046090 985.900000 0.631987 541.500000 0.347115
68.580000 0.434051 7.210000 0.045633 101.960000 0.645316 61.750000 0.390823
156.480000 0.427541 10.860000 0.029672 238.580000 0.651858 140.700000 0.384426
730.440000 0.388532 12.600000 0.006702 1239.680000 0.659404 650.320000 0.345915
219.590000 0.435694 5.610000 0.011131 335.540000 0.665754 196.940000 0.390754
1275.630000 0.392743 34.540000 0.010634 2119.830000 0.652657 1136.370000 0.349868
649.100000 0.401671 47.660000 0.029493 1048.680000 0.648936 585.780000 0.362488
290.820000 0.384174 -5.330000 -0.007041 499.460000 0.659789 258.800000 0.341876
412.480000 0.419187 10.770000 0.010945 646.180000 0.656687 370.060000 0.376077
442.880000 0.432500 20.900000 0.020410 676.720000 0.660859 399.060000 0.389707
322.000000 0.398515 33.900000 0.041955 524.500000 0.649134 289.400000 0.358168
360.340000 0.400378 17.260000 0.019178 586.400000 0.651556 321.700000 0.357444
258.540000 0.445759 20.420000 0.035207 384.560000 0.663034 232.180000 0.400310
94.160000 0.426063 13.900000 0.062896 143.360000 0.648688 84.550000 0.382579
411.040000 0.411864 22.760000 0.022806 644.100000 0.645391 371.380000 0.372124
135.920000 0.423427 12.800000 0.039875 209.180000 0.651651 122.740000 0.382368
962.300000 0.385228 8.120000 0.003251 1633.580000 0.653955 863.340000 0.345612
138.560000 0.441274 -13.000000 -0.041401 215.880000 0.687516 124.260000 0.395732
202.270000 0.417052 5.140000 0.010598 324.500000 0.669072 181.030000 0.373258
425.010000 0.439969 42.190000 0.043675 630.700000 0.652899 382.530000 0.395994
428.520000 0.371979 25.680000 0.022292 734.760000 0.637813 385.320000 0.334479
193.590000 0.425473 12.130000 0.026659 300.280000 0.659956 174.790000 0.384154
96.720000 0.398025 17.590000 0.072387 153.130000 0.630165 87.160000 0.358683
838.800000 0.416071 60.080000 0.029802 1331.440000 0.660437 752.440000 0.373234
211.800000 0.392222 -3.630000 -0.006722 355.580000 0.658481 190.660000 0.353074
751.320000 0.395016 -16.700000 -0.008780 1260.120000 0.662524 671.080000 0.352829
271.450000 0.422162 3.560000 0.005537 426.010000 0.662535 244.700000 0.380560
380.340000 0.417039 76.980000 0.084408 578.820000 0.634671 344.460000 0.377697
314.110000 0.429699 -24.370000 -0.033338 497.000000 0.679891 279.920000 0.382927
75.960000 0.366957 1.300000 0.006280 131.950000 0.637440 68.790000 0.332319
74.370000 0.413167 8.390000 0.046611 115.550000 0.641944 67.100000 0.372778
78.480000 0.433591 11.400000 0.062983 116.290000 0.642486 70.600000 0.390055
340.100000 0.404881 54.550000 0.064940 544.000000 0.647619 306.550000 0.364940
195.180000 0.358787 12.200000 0.022426 348.300000 0.640257 174.040000 0.319926
316.760000 0.433918 46.460000 0.063644 461.360000 0.632000 287.720000 0.394137
318.160000 0.408946 9.520000 0.012237 511.420000 0.657352 284.940000 0.366247
315.580000 0.404590 44.700000 0.057308 492.060000 0.630846 285.740000 0.366333
91.040000 0.413818 -18.650000 -0.084773 155.200000 0.705455 80.890000 0.367682
192.530000 0.427844 5.100000 0.011333 298.570000 0.663489 173.680000 0.385956
270.030000 0.389654 -21.930000 -0.031645 459.300000 0.662771 241.800000 0.348918
114.290000 0.394103 2.680000 0.009241 188.870000 0.651276 102.810000 0.354517
212.950000 0.437269 7.540000 0.015483 323.260000 0.663778 190.710000 0.391602
222.410000 0.388829 26.670000 0.046626 366.380000 0.640524 199.180000 0.348217
136.460000 0.425109 6.290000 0.019595 208.330000 0.649003 122.240000 0.380810
171.840000 0.436142 11.110000 0.028198 258.410000 0.655863 155.980000 0.395888
212.560000 0.415969 12.750000 0.024951 337.920000 0.661292 190.410000 0.372622
96.500000 0.432735 3.220000 0.014439 147.080000 0.659552 85.910000 0.385247
117.570000 0.384216 -11.650000 -0.038072 205.310000 0.670948 105.060000 0.343333
220.950000 0.441900 27.150000 0.054300 321.700000 0.643400 201.210000 0.402420
237.990000 0.372441 32.850000 0.051408 401.490000 0.628310 213.270000 0.333756
269.150000 0.380693 5.080000 0.007185 461.440000 0.652673 240.820000 0.340622
136.570000 0.374164 -19.970000 -0.054712 241.100000 0.660548 122.390000 0.335315
227.860000 0.376628 -35.320000 -0.058380 399.940000 0.661058 203.880000 0.336992
720.360000 0.449102 31.520000 0.019651 1064.760000 0.663815 649.080000 0.404663
128.460000 0.396481 12.100000 0.037346 206.520000 0.637407 117.660000 0.363148
75.540000 0.406129 -5.130000 -0.027581 125.120000 0.672688 67.100000 0.360753
192.030000 0.407707 8.090000 0.017176 303.630000 0.644650 173.790000 0.368981
172.440000 0.388378 8.940000 0.020135 286.740000 0.645811 153.780000 0.346351
777.400000 0.381078 -8.800000 -0.004314 1317.640000 0.645902 697.880000 0.342098
308.540000 0.393546 22.080000 0.028163 504.140000 0.643036 277.120000 0.353469
176.220000 0.386447 0.520000 0.001140 293.960000 0.644649 156.820000 0.343904
469.720000 0.365826 37.600000 0.029283 831.160000 0.647321 418.560000 0.325981
161.350000 0.415851 -16.520000 -0.042577 261.260000 0.673351 144.690000 0.372912
248.580000 0.400935 4.720000 0.007613 410.160000 0.661548 222.060000 0.358161
260.880000 0.420774 -6.900000 -0.011129 417.860000 0.673968 233.380000 0.376419
530.200000 0.446296 73.360000 0.061751 767.600000 0.646128 479.000000 0.403199
82.300000 0.375799 7.160000 0.032694 140.580000 0.641918 74.370000 0.339589
136.810000 0.426199 20.850000 0.064953 207.670000 0.646947 122.400000 0.381308
153.470000 0.376152 6.260000 0.015343 262.380000 0.643088 137.850000 0.337868
238.790000 0.433376 16.540000 0.030018 361.520000 0.656116 215.340000 0.390817
2282.160000 0.406368 103.920000 0.018504 3709.200000 0.660470 2049.960000 0.365021
223.890000 0.436433 26.020000 0.050721 327.730000 0.638850 201.090000 0.391988
200.860000 0.418458 17.880000 0.037250 309.260000 0.644292 180.760000 0.376583
217.940000 0.408893 17.810000 0.033415 344.380000 0.646116 196.670000 0.368987
225.180000 0.452169 22.540000 0.045261 328.900000 0.660442 202.540000 0.406707
309.420000 0.422705 2.340000 0.003197 484.620000 0.662049 276.660000 0.377951
204.490000 0.443579 16.610000 0.036030 308.180000 0.668503 182.940000 0.396833
69.890000 0.401667 -18.050000 -0.103736 118.100000 0.678736 62.550000 0.359483
686.360000 0.399977 -36.360000 -0.021189 1138.440000 0.663427 614.960000 0.358368
138.040000 0.439618 12.720000 0.040510 209.040000 0.665732 123.760000 0.394140
263.030000 0.418172 -15.570000 -0.024754 417.130000 0.663164 237.400000 0.377424
109.680000 0.406222 -0.580000 -0.002148 178.860000 0.662444 97.620000 0.361556
165.320000 0.435053 9.860000 0.025947 243.600000 0.641053 147.900000 0.389211
143.050000 0.368686 -5.070000 -0.013067 251.710000 0.648737 127.520000 0.328660
421.520000 0.412446 14.160000 0.013855 677.380000 0.662798 376.360000 0.368258
158.620000 0.453200 7.010000 0.020029 232.470000 0.664200 143.330000 0.409514
251.130000 0.396730 5.940000 0.009384 410.370000 0.648294 226.830000 0.358341
975.600000 0.389306 86.740000 0.034613 1621.280000 0.646959 879.180000 0.350830
143.850000 0.404073 11.320000 0.031798 225.850000 0.634410 128.730000 0.361601
174.020000 0.388438 -8.540000 -0.019063 293.600000 0.655357 157.120000 0.350714
132.240000 0.409412 7.880000 0.024396 208.860000 0.646625 118.810000 0.367833
182.040000 0.354163 14.800000 0.028794 328.340000 0.638794 163.520000 0.318132
203.010000 0.441326 15.300000 0.033261 298.270000 0.648413 183.180000 0.398217
514.720000 0.423289 54.080000 0.044474 783.560000 0.644375 466.320000 0.383487
157.250000 0.451868 16.900000 0.048563 225.870000 0.649052 142.770000 0.410259
144.380000 0.410170 18.030000 0.051222 222.550000 0.632244 129.010000 0.366506
253.760000 0.440556 30.080000 0.052222 371.240000 0.644514 229.540000 0.398507
208.730000 0.430371 -11.820000 -0.024371 332.410000 0.685381 187.130000 0.385835
161.980000 0.389375 4.850000 0.011659 274.210000 0.659159 144.380000 0.347067
476.400000 0.402365 81.920000 0.069189 773.400000 0.653209 424.200000 0.358277
224.480000 0.420375 22.840000 0.042772 347.060000 0.649925 201.140000 0.376667
977.160000 0.410571 40.280000 0.016924 1579.440000 0.663630 879.360000 0.369479
95.640000 0.414026 -1.400000 -0.006061 151.580000 0.656190 85.620000 0.370649
263.140000 0.397492 13.160000 0.019879 435.280000 0.657523 235.300000 0.355438
90.510000 0.395240 8.410000 0.036725 146.780000 0.640961 81.530000 0.356026
147.070000 0.404038 -3.680000 -0.010110 243.840000 0.669890 132.020000 0.362692
218.700000 0.433929 40.320000 0.080000 329.480000 0.653730 195.380000 0.387659
967.520000 0.412765 58.640000 0.025017 1509.760000 0.644096 865.920000 0.369420
158.570000 0.417289 -0.970000 -0.002553 253.330000 0.666658 142.350000 0.374605
611.160000 0.423241 29.120000 0.020166 955.960000 0.662022 547.040000 0.378837
286.050000 0.355784 22.620000 0.028134 509.340000 0.633507 256.980000 0.319627
205.950000 0.394540 4.470000 0.008563 342.720000 0.656552 183.660000 0.351839
172.740000 0.380485 -4.720000 -0.010396 302.820000 0.667004 153.880000 0.338943
507.500000 0.437500 23.560000 0.020310 760.460000 0.655569 457.360000 0.394276
165.160000 0.380553 -8.720000 -0.020092 285.680000 0.658249 147.580000 0.340046
80.010000 0.408214 1.490000 0.007602 129.560000 0.661020 72.170000 0.368214
80.970000 0.398867 15.000000 0.073892 126.470000 0.623005 73.010000 0.359655
166.540000 0.390023 9.880000 0.023138 274.510000 0.642881 149.080000 0.349133
513.900000 0.400234 -0.860000 -0.000670 847.520000 0.660062 465.700000 0.362695
142.650000 0.460161 24.860000 0.080194 201.740000 0.650774 129.550000 0.417903
176.620000 0.384793 0.580000 0.001264 304.020000 0.662353 157.020000 0.342092
473.540000 0.424319 30.360000 0.027204 728.940000 0.653172 427.540000 0.383100
178.740000 0.427608 12.380000 0.029617 275.700000 0.659569 160.160000 0.383158
129.130000 0.344347 -28.860000 -0.076960 244.070000 0.650853 114.970000 0.306587
133.300000 0.428617 17.170000 0.055209 198.710000 0.638939 120.740000 0.388232
207.400000 0.418145 26.980000 0.054395 320.820000 0.646815 185.760000 0.374516
551.960000 0.394257 28.160000 0.020114 923.880000 0.659914 495.000000 0.353571
89.620000 0.386293 6.510000 0.028060 147.780000 0.636983 81.000000 0.349138
287.930000 0.452009 38.460000 0.060377 418.620000 0.657174 258.790000 0.406264
168.770000 0.434974 15.910000 0.041005 254.190000 0.655129 152.110000 0.392036
390.600000 0.406875 16.280000 0.016958 631.000000 0.657292 350.040000 0.364625
242.700000 0.379812 -26.400000 -0.041315 418.560000 0.655023 218.090000 0.341299
597.280000 0.429080 -1.240000 -0.000891 916.080000 0.658103 540.720000 0.388448
177.190000 0.420879 -0.990000 -0.002352 277.550000 0.659264 158.810000 0.377221
1627.080000 0.396849 99.520000 0.024273 2643.520000 0.644761 1462.120000 0.356615
834.920000 0.437589 40.880000 0.021426 1251.320000 0.655828 752.960000 0.394633
133.090000 0.418522 -4.870000 -0.015314 212.530000 0.668333 119.490000 0.375755
91.110000 0.373402 0.050000 0.000205 156.930000 0.643156 82.080000 0.336393
79.570000 0.386262 3.610000 0.017524 132.890000 0.645097 71.480000 0.346990
68.890000 0.407633 -5.270000 -0.031183 114.060000 0.674911 61.900000 0.366272
844.710000 0.424051 37.530000 0.018840 1303.800000 0.654518 762.030000 0.382545
59.000000 0.437037 1.110000 0.008222 88.360000 0.654519 53.970000 0.399778
140.060000 0.428318 9.520000 0.029113 214.780000 0.656820 125.930000 0.385107
118.080000 0.372492 7.720000 0.024353 203.750000 0.642744 105.670000 0.333344
120.460000 0.430214 14.660000 0.052357 181.680000 0.648857 108.270000 0.386679
379.360000 0.391901 17.960000 0.018554 641.240000 0.662438 339.640000 0.350868
205.380000 0.401133 6.640000 0.012969 335.070000 0.654434 185.310000 0.361934
364.400000 0.405791 2.300000 0.002561 587.880000 0.654655 328.140000 0.365412
49.090000 0.374733 -5.190000 -0.039618 88.110000 0.672595 43.340000 0.330840
108.700000 0.391007 6.520000 0.023453 183.520000 0.660144 97.470000 0.350612
162.320000 0.427158 8.940000 0.023526 248.900000 0.655000 146.980000 0.386789
263.440000 0.410343 31.420000 0.048941 412.700000 0.642835 236.940000 0.369065
137.860000 0.407870 3.800000 0.011243 221.960000 0.656686 123.020000 0.363964
277.240000 0.433188 34.920000 0.054563 418.640000 0.654125 247.880000 0.387313
284.580000 0.399691 19.510000 0.027402 458.180000 0.643511 256.000000 0.359551
131.430000 0.429510 9.250000 0.030229 199.100000 0.650654 118.610000 0.387614
157.600000 0.416931 2.540000 0.006720 255.140000 0.674974 140.060000 0.370529
95.640000 0.434727 13.420000 0.061000 142.980000 0.649909 86.440000 0.392909
146.000000 0.437126 5.240000 0.015689 216.500000 0.648204 131.420000 0.393473
79.610000 0.421217 0.340000 0.001799 127.890000 0.676667 71.120000 0.376296
92.820000 0.442000 0.440000 0.002095 140.090000 0.667095 83.470000 0.397476
154.160000 0.444265 10.390000 0.029942 227.670000 0.656110 138.540000 0.399251
172.520000 0.449271 20.340000 0.052969 251.680000 0.655417 154.280000 0.401771
247.140000 0.441321 19.740000 0.035250 363.480000 0.649071 222.620000 0.397536
200.360000 0.412263 4.110000 0.008457 320.780000 0.660041 179.270000 0.368868
404.940000 0.448439 39.400000 0.043632 595.670000 0.659657 363.560000 0.402614
467.040000 0.396469 4.780000 0.004058 764.980000 0.649389 417.720000 0.354601
148.920000 0.402486 -4.530000 -0.012243 250.060000 0.675838 133.400000 0.360541
119.290000 0.433782 3.530000 0.012836 180.060000 0.654764 107.400000 0.390545
219.660000 0.396498 22.940000 0.041408 357.200000 0.644765 197.140000 0.355848
93.650000 0.396822 2.860000 0.012119 154.360000 0.654068 84.290000 0.357161
73.430000 0.419600 8.880000 0.050743 115.910000 0.662343 65.690000 0.375371
90.590000 0.425305 2.190000 0.010282 144.710000 0.679390 80.470000 0.377793
335.420000 0.455734 31.500000 0.042799 486.840000 0.661467 299.820000 0.407364
341.760000 0.410769 71.560000 0.086010 533.840000 0.641635 306.040000 0.367837
118.300000 0.386601 4.460000 0.014575 195.180000 0.637843 105.870000 0.345980
48.980000 0.398211 -0.430000 -0.003496 81.950000 0.666260 44.160000 0.359024
155.560000 0.405104 14.080000 0.036667 248.620000 0.647448 140.520000 0.365938
168.250000 0.404447 16.640000 0.040000 272.550000 0.655168 150.590000 0.361995
167.430000 0.424949 8.810000 0.022360 255.600000 0.648731 150.510000 0.382005
79.500000 0.391626 15.120000 0.074483 126.520000 0.623251 71.090000 0.350197
128.250000 0.379438 -11.800000 -0.034911 222.870000 0.659379 113.120000 0.334675
240.140000 0.454811 15.920000 0.030152 354.900000 0.672159 213.780000 0.404886
47.900000 0.399167 -7.080000 -0.059000 80.590000 0.671583 43.040000 0.358667
147.810000 0.418725 21.180000 0.060000 226.170000 0.640708 133.060000 0.376941
178.140000 0.422133 10.700000 0.025355 285.580000 0.676730 157.500000 0.373223
96.260000 0.367405 -6.520000 -0.024885 169.960000 0.648702 85.920000 0.327939
399.630000 0.390645 31.410000 0.030704 665.250000 0.650293 360.300000 0.352199
531.540000 0.427283 5.160000 0.004148 826.240000 0.664180 476.980000 0.383424
99.730000 0.363978 0.240000 0.000876 177.970000 0.649526 89.660000 0.327226
181.720000 0.385817 -9.000000 -0.019108 312.400000 0.663270 163.600000 0.347346
67.690000 0.402917 -0.870000 -0.005179 110.300000 0.656548 60.880000 0.362381
131.640000 0.416582 -4.560000 -0.014430 210.270000 0.665411 118.260000 0.374241
134.000000 0.437908 7.940000 0.025948 203.860000 0.666209 119.760000 0.391373
164.320000 0.444108 14.780000 0.039946 242.450000 0.655270 148.070000 0.400189
170.650000 0.398715 18.180000 0.042477 273.960000 0.640093 153.460000 0.358551
233.640000 0.394662 -9.640000 -0.016284 383.640000 0.648041 209.320000 0.353581
224.100000 0.426046 -2.520000 -0.004791 345.080000 0.656046 201.560000 0.383194
72.070000 0.439451 4.280000 0.026098 104.050000 0.634451 64.570000 0.393720
171.660000 0.400140 -10.300000 -0.024009 286.580000 0.668019 156.020000 0.363683
722.560000 0.405022 25.800000 0.014462 1162.600000 0.651682 652.040000 0.365493
127.050000 0.432143 -6.110000 -0.020782 199.490000 0.678537 113.990000 0.387721
169.660000 0.439534 18.920000 0.049016 253.090000 0.655674 153.400000 0.397409
373.480000 0.390669 9.980000 0.010439 636.480000 0.665774 333.120000 0.348452
158.560000 0.451738 25.540000 0.072764 230.970000 0.658034 142.590000 0.406239
163.200000 0.400000 19.480000 0.047745 260.380000 0.638186 147.220000 0.360833
53.860000 0.411145 -1.110000 -0.008473 88.550000 0.675954 48.000000 0.366412
263.260000 0.391756 21.960000 0.032679 426.980000 0.635387 236.300000 0.351637
126.490000 0.355309 18.060000 0.050730 223.160000 0.626854 114.340000 0.321180
110.540000 0.409407 8.100000 0.030000 177.280000 0.656593 99.140000 0.367185
164.460000 0.408089 8.460000 0.020993 262.420000 0.651166 147.080000 0.364963
141.970000 0.439536 19.880000 0.061548 208.900000 0.646749 128.100000 0.396594
451.150000 0.451150 24.550000 0.024550 660.560000 0.660560 405.340000 0.405340
127.650000 0.429798 7.620000 0.025657 193.270000 0.650741 114.820000 0.386599
141.400000 0.447468 19.520000 0.061772 206.580000 0.653734 127.890000 0.404715
111.810000 0.445458 -4.170000 -0.016614 170.530000 0.679402 99.710000 0.397251
97.190000 0.445826 -0.510000 -0.002339 142.520000 0.653761 87.710000 0.402339
135.340000 0.425597 14.980000 0.047107 209.000000 0.657233 121.980000 0.383585
333.240000 0.444320 29.380000 0.039173 490.260000 0.653680 298.300000 0.397733
142.130000 0.384135 13.180000 0.035622 242.430000 0.655216 126.260000 0.341243
131.470000 0.441174 24.660000 0.082752 189.460000 0.635772 118.690000 0.398289
111.160000 0.448226 12.660000 0.051048 162.940000 0.657016 98.880000 0.398710
43.150000 0.444845 7.240000 0.074639 62.740000 0.646804 39.230000 0.404433
333.120000 0.412788 52.290000 0.064796 519.900000 0.644238 302.100000 0.374349
375.240000 0.445653 41.040000 0.048741 553.710000 0.657613 338.340000 0.401829
349.020000 0.421522 18.000000 0.021739 539.000000 0.650966 314.080000 0.379324
179.550000 0.399889 8.200000 0.018263 293.630000 0.653964 161.450000 0.359577
174.790000 0.361884 -22.910000 -0.047433 320.370000 0.663292 155.500000 0.321946
154.130000 0.404541 -0.650000 -0.001706 254.140000 0.667034 137.570000 0.361076
185.010000 0.397871 14.820000 0.031871 301.740000 0.648903 166.110000 0.357226
546.240000 0.389060 95.840000 0.068262 896.960000 0.638860 493.920000 0.351795
260.100000 0.392900 31.180000 0.047100 415.040000 0.626949 235.080000 0.355106
93.380000 0.413186 5.770000 0.025531 145.540000 0.643982 84.720000 0.374867
213.020000 0.420988 -4.380000 -0.008656 332.920000 0.657945 191.900000 0.379249
66.070000 0.426258 -0.640000 -0.004129 103.430000 0.667290 59.780000 0.385677
49.830000 0.405122 -1.600000 -0.013008 82.460000 0.670407 44.880000 0.364878
141.380000 0.431037 5.380000 0.016402 217.540000 0.663232 127.300000 0.388110
191.440000 0.395537 2.850000 0.005888 318.360000 0.657769 171.710000 0.354773
52.140000 0.434500 -2.390000 -0.019917 79.760000 0.664667 46.820000 0.390167
124.730000 0.394715 22.980000 0.072722 202.700000 0.641456 111.860000 0.353987
106.870000 0.391465 7.090000 0.025971 174.580000 0.639487 96.380000 0.353040
67.110000 0.397101 -0.630000 -0.003728 111.780000 0.661420 60.390000 0.357337
57.340000 0.398194 -1.850000 -0.012847 95.420000 0.662639 52.330000 0.363403
74.750000 0.404054 -5.020000 -0.027135 124.980000 0.675568 67.190000 0.363189
177.080000 0.417642 6.640000 0.015660 276.440000 0.651981 160.060000 0.377500
140.490000 0.391337 23.280000 0.064847 225.600000 0.628412 126.630000 0.352730
471.630000 0.434682 24.160000 0.022267 717.320000 0.661124 425.660000 0.392313
140.220000 0.410000 19.040000 0.055673 217.820000 0.636901 127.000000 0.371345
472.200000 0.375955 47.400000 0.037739 801.520000 0.638153 423.120000 0.336879
148.110000 0.402473 11.570000 0.031440 238.700000 0.648641 132.040000 0.358804
136.570000 0.378310 -7.280000 -0.020166 235.630000 0.652715 121.690000 0.337091
93.990000 0.417733 9.840000 0.043733 143.110000 0.636044 85.440000 0.379733
98.640000 0.380849 -1.890000 -0.007297 166.200000 0.641699 88.240000 0.340695
349.960000 0.405046 3.000000 0.003472 575.480000 0.666065 313.280000 0.362593
537.900000 0.395515 8.860000 0.006515 886.620000 0.651926 482.260000 0.354603
183.710000 0.410984 9.900000 0.022148 295.630000 0.661365 163.830000 0.366510
173.140000 0.401717 3.260000 0.007564 282.170000 0.654687 154.680000 0.358886
446.220000 0.410884 -0.480000 -0.000442 722.880000 0.665635 400.540000 0.368821
528.360000 0.449286 62.460000 0.053112 768.390000 0.653393 474.600000 0.403571
161.120000 0.416331 -0.280000 -0.000724 254.320000 0.657158 145.260000 0.375349
174.600000 0.450000 20.930000 0.053943 251.040000 0.647010 158.410000 0.408273
351.360000 0.452784 43.220000 0.055696 513.140000 0.661263 315.480000 0.406546
168.900000 0.427595 -0.200000 -0.000506 261.010000 0.660785 151.180000 0.382734
603.960000 0.415378 21.880000 0.015048 966.360000 0.664622 542.960000 0.373425
543.840000 0.412938 72.390000 0.054966 847.230000 0.643303 488.910000 0.371230
82.030000 0.441022 3.420000 0.018387 123.010000 0.661344 73.700000 0.396237
227.580000 0.355594 -12.140000 -0.018969 409.760000 0.640250 203.060000 0.317281
261.120000 0.413165 11.740000 0.018576 416.960000 0.659747 232.400000 0.367722
87.690000 0.411690 8.130000 0.038169 138.410000 0.649812 78.580000 0.368920
124.560000 0.420811 5.270000 0.017804 193.050000 0.652196 112.600000 0.380405
136.460000 0.425109 6.290000 0.019595 208.330000 0.649003 122.240000 0.380810
48.760000 0.420345 -2.560000 -0.022069 79.070000 0.681638 43.630000 0.376121
194.790000 0.404129 20.620000 0.042780 312.320000 0.647967 175.810000 0.364751
131.610000 0.441644 12.320000 0.041342 194.640000 0.653154 118.250000 0.396812
128.310000 0.413903 19.170000 0.061839 196.380000 0.633484 116.490000 0.375774
67.460000 0.429682 3.140000 0.020000 104.490000 0.665541 60.690000 0.386561
25.870000 0.410635 -2.950000 -0.046825 41.610000 0.660476 23.570000 0.374127
139.300000 0.385873 13.030000 0.036094 228.400000 0.632687 125.040000 0.346371
132.740000 0.376034 -8.970000 -0.025411 235.160000 0.666176 118.610000 0.336006
71.400000 0.405682 -19.860000 -0.112841 120.060000 0.682159 64.400000 0.365909
102.450000 0.397093 -2.280000 -0.008837 167.520000 0.649302 93.060000 0.360698
86.850000 0.427833 11.170000 0.055025 130.940000 0.645025 77.790000 0.383202
140.510000 0.395803 -19.440000 -0.054761 243.990000 0.687296 124.820000 0.351606
470.180000 0.401863 34.480000 0.029470 765.500000 0.654274 421.960000 0.360650
158.220000 0.409896 -2.110000 -0.005466 254.100000 0.658290 142.720000 0.369741
431.220000 0.401508 37.900000 0.035289 693.200000 0.645438 386.700000 0.360056
351.400000 0.404839 29.600000 0.034101 562.800000 0.648387 315.880000 0.363917
193.280000 0.394449 -7.160000 -0.014612 325.280000 0.663837 173.280000 0.353633
115.050000 0.471516 18.580000 0.076148 162.290000 0.665123 103.670000 0.424877
527.820000 0.424293 -13.480000 -0.010836 826.720000 0.664566 473.560000 0.380675
97.130000 0.411568 9.480000 0.040169 152.230000 0.645042 86.890000 0.368178
356.200000 0.415152 -9.140000 -0.010653 574.070000 0.669079 320.690000 0.373765
468.920000 0.430993 64.600000 0.059375 702.400000 0.645588 423.880000 0.389596
371.280000 0.408899 -14.680000 -0.016167 604.880000 0.666167 332.200000 0.365859
338.430000 0.436684 29.270000 0.037768 502.460000 0.648335 305.040000 0.393600
197.340000 0.434670 10.830000 0.023855 298.000000 0.656388 177.290000 0.390507
340.720000 0.402742 15.140000 0.017896 542.720000 0.641513 308.760000 0.364965
131.420000 0.366072 -3.970000 -0.011058 233.810000 0.651281 117.900000 0.328412
60.470000 0.357811 2.310000 0.013669 107.350000 0.635207 54.280000 0.321183
97.400000 0.384980 -3.030000 -0.011976 166.230000 0.657036 88.090000 0.348182
134.620000 0.418075 6.320000 0.019627 209.050000 0.649224 122.310000 0.379845
1254.400000 0.416467 -7.960000 -0.002643 2015.560000 0.669177 1127.240000 0.374250
306.570000 0.431789 31.180000 0.043915 462.530000 0.651451 276.000000 0.388732
117.170000 0.459490 8.440000 0.033098 169.700000 0.665490 105.120000 0.412235
214.160000 0.411846 3.300000 0.006346 343.440000 0.660462 192.400000 0.370000
169.760000 0.410048 -5.060000 -0.012222 271.660000 0.656184 153.300000 0.370290
765.460000 0.417372 38.320000 0.020894 1202.280000 0.655551 686.420000 0.374275
314.320000 0.434144 16.000000 0.022099 479.450000 0.662224 281.330000 0.388577
66.150000 0.371629 6.910000 0.038820 114.420000 0.642809 59.650000 0.335112
228.990000 0.426425 17.970000 0.033464 347.550000 0.647207 207.340000 0.386108
348.440000 0.406107 49.940000 0.058205 543.820000 0.633823 316.320000 0.368671
133.240000 0.421646 19.200000 0.060759 202.800000 0.641772 120.720000 0.382025
83.770000 0.418850 5.920000 0.029600 129.170000 0.645850 75.080000 0.375400
409.280000 0.439142 54.520000 0.058498 610.600000 0.655150 367.520000 0.394335
980.020000 0.425725 105.840000 0.045977 1495.420000 0.649618 884.940000 0.384422
474.300000 0.423482 62.840000 0.056107 721.920000 0.644571 428.960000 0.383000
320.680000 0.433351 -19.140000 -0.025865 509.800000 0.688919 286.420000 0.387054
829.520000 0.395763 35.280000 0.016832 1357.880000 0.647844 743.200000 0.354580
265.540000 0.382622 10.700000 0.015418 443.360000 0.638847 238.820000 0.344121
803.800000 0.408020 52.900000 0.026853 1280.000000 0.649746 720.700000 0.365838
205.280000 0.424132 8.070000 0.016674 314.420000 0.649628 186.170000 0.384649
123.780000 0.443656 11.660000 0.041792 180.640000 0.647455 111.480000 0.399570
628.380000 0.368768 -6.720000 -0.003944 1101.300000 0.646303 559.200000 0.328169
93.170000 0.377206 3.820000 0.015466 161.630000 0.654372 82.840000 0.335385
80.740000 0.379061 0.260000 0.001221 141.170000 0.662770 71.710000 0.336667
629.060000 0.430274 28.060000 0.019193 963.460000 0.659001 565.860000 0.387045
266.790000 0.431699 -6.050000 -0.009790 408.330000 0.660728 240.650000 0.389401
137.100000 0.432492 10.020000 0.031609 207.130000 0.653407 124.210000 0.391830
428.920000 0.445863 69.860000 0.072620 623.540000 0.648170 388.520000 0.403867
275.360000 0.431599 37.020000 0.058025 410.660000 0.643668 246.980000 0.387116
449.960000 0.364045 -5.360000 -0.004337 810.600000 0.655825 401.280000 0.324660
53.730000 0.426429 1.400000 0.011111 82.670000 0.656111 47.950000 0.380556
127.100000 0.408682 -6.570000 -0.021125 203.100000 0.653055 114.210000 0.367235
137.480000 0.399651 12.420000 0.036105 215.230000 0.625669 123.700000 0.359593
127.160000 0.394907 -6.660000 -0.020683 214.340000 0.665652 114.280000 0.354907
492.160000 0.406744 3.540000 0.002926 797.620000 0.659190 443.740000 0.366727
288.420000 0.449252 40.580000 0.063209 418.720000 0.652212 258.960000 0.403364
138.340000 0.432312 -0.430000 -0.001344 212.170000 0.663031 123.770000 0.386781
160.410000 0.437084 9.900000 0.026975 240.230000 0.654578 144.080000 0.392589
24.230000 0.390806 0.600000 0.009677 39.940000 0.644194 21.980000 0.354516
249.540000 0.409754 1.520000 0.002496 402.320000 0.660624 224.910000 0.369310
157.670000 0.396156 11.960000 0.030050 262.310000 0.659070 140.710000 0.353543
44.670000 0.433689 5.280000 0.051262 67.470000 0.655049 40.560000 0.393786
132.830000 0.385014 6.950000 0.020145 223.200000 0.646957 119.100000 0.345217
181.500000 0.393709 14.810000 0.032126 298.450000 0.647397 162.890000 0.353341
248.880000 0.421831 44.960000 0.076203 382.580000 0.648441 222.740000 0.377525
333.240000 0.444320 29.380000 0.039173 490.260000 0.653680 298.300000 0.397733
101.920000 0.358873 -12.190000 -0.042923 187.880000 0.661549 91.320000 0.321549
269.140000 0.415340 5.040000 0.007778 428.660000 0.661512 242.140000 0.373673
73.810000 0.398973 -6.220000 -0.033622 120.180000 0.649622 66.820000 0.361189
255.100000 0.438316 15.360000 0.026392 387.420000 0.665670 227.920000 0.391615
106.060000 0.403270 -1.580000 -0.006008 172.860000 0.657262 94.800000 0.360456
97.720000 0.394032 -17.140000 -0.069113 167.820000 0.676694 87.640000 0.353387
101.400000 0.338000 -17.840000 -0.059467 203.580000 0.678600 90.400000 0.301333
77.370000 0.361542 -5.500000 -0.025701 139.570000 0.652196 69.150000 0.323131
85.010000 0.389954 -5.270000 -0.024174 141.710000 0.650046 76.540000 0.351101
210.300000 0.423992 6.820000 0.013750 330.760000 0.666855 187.680000 0.378387
267.140000 0.442285 22.200000 0.036755 396.160000 0.655894 241.320000 0.399536
356.420000 0.424815 26.230000 0.031263 547.210000 0.652217 319.700000 0.381049
151.460000 0.461768 27.960000 0.085244 211.000000 0.643293 136.880000 0.417317
139.410000 0.407632 19.320000 0.056491 220.470000 0.644649 125.400000 0.366667
130.080000 0.420971 7.670000 0.024822 198.790000 0.643333 116.740000 0.377799
122.740000 0.392141 4.990000 0.015942 203.860000 0.651310 109.700000 0.350479
241.300000 0.421853 9.840000 0.017203 385.020000 0.673112 215.400000 0.376573
121.000000 0.395425 -16.860000 -0.055098 203.620000 0.665425 108.370000 0.354150
89.440000 0.412166 4.400000 0.020276 143.120000 0.659539 80.480000 0.370876
98.450000 0.424353 5.660000 0.024397 150.690000 0.649526 88.740000 0.382500
205.700000 0.398643 -1.340000 -0.002597 347.280000 0.673023 181.040000 0.350853
52.250000 0.418000 -1.930000 -0.015440 84.160000 0.673280 46.530000 0.372240
341.460000 0.408445 7.680000 0.009187 541.580000 0.647823 306.620000 0.366770
121.520000 0.375062 -11.200000 -0.034568 219.500000 0.677469 109.320000 0.337407
64.930000 0.313671 -11.410000 -0.055121 131.330000 0.634444 58.200000 0.281159
161.770000 0.385167 -23.820000 -0.056714 284.080000 0.676381 144.200000 0.343333
34.230000 0.412410 1.460000 0.017590 55.010000 0.662771 30.470000 0.367108
116.290000 0.430704 16.940000 0.062741 173.930000 0.644185 105.200000 0.389630
127.890000 0.399656 -2.110000 -0.006594 213.470000 0.667094 114.850000 0.358906
51.960000 0.429421 3.210000 0.026529 81.230000 0.671322 46.390000 0.383388
354.400000 0.405956 -3.060000 -0.003505 580.310000 0.664731 317.240000 0.363391
253.440000 0.407460 24.640000 0.039614 401.140000 0.644920 227.100000 0.365113
615.180000 0.392835 4.680000 0.002989 1032.300000 0.659195 550.740000 0.351686
54.440000 0.422016 -0.260000 -0.002016 87.330000 0.676977 49.300000 0.382171
118.120000 0.350504 -15.270000 -0.045312 214.370000 0.636113 104.500000 0.310089
162.250000 0.444521 28.000000 0.076712 236.280000 0.647342 146.370000 0.401014
93.360000 0.382623 2.610000 0.010697 153.640000 0.629672 84.470000 0.346189
96.560000 0.421659 7.520000 0.032838 148.330000 0.647729 87.670000 0.382838
132.120000 0.393214 9.700000 0.028869 222.420000 0.661964 116.460000 0.346607
268.160000 0.432516 21.600000 0.034839 407.020000 0.656484 241.160000 0.388968
196.540000 0.448721 20.680000 0.047215 283.560000 0.647397 177.440000 0.405114
102.900000 0.421721 13.800000 0.056557 154.000000 0.631148 92.480000 0.379016
43.720000 0.408598 -1.380000 -0.012897 70.700000 0.660748 39.350000 0.367757
503.960000 0.435199 41.160000 0.035544 765.700000 0.661226 451.440000 0.389845
88.250000 0.410465 11.420000 0.053116 138.290000 0.643209 79.280000 0.368744
363.760000 0.389465 1.440000 0.001542 611.800000 0.655032 326.560000 0.349636
233.220000 0.395288 1.000000 0.001695 392.300000 0.664915 209.420000 0.354949
84.730000 0.399670 8.640000 0.040755 138.230000 0.652028 76.230000 0.359575
518.280000 0.387934 32.800000 0.024551 881.960000 0.660150 462.000000 0.345808
209.360000 0.421247 11.520000 0.023179 327.940000 0.659839 188.490000 0.379256
134.180000 0.424620 10.250000 0.032437 206.730000 0.654209 120.230000 0.380475
86.500000 0.428218 11.260000 0.055743 130.920000 0.648119 78.030000 0.386287
132.910000 0.428742 14.050000 0.045323 200.250000 0.645968 120.220000 0.387806
409.980000 0.435223 11.180000 0.011868 627.920000 0.666582 368.040000 0.390701
30.830000 0.354368 -4.040000 -0.046437 58.350000 0.670690 27.100000 0.311494
119.330000 0.395132 -0.010000 -0.000033 199.280000 0.659868 107.250000 0.355132
500.680000 0.398631 90.320000 0.071911 804.280000 0.640350 449.760000 0.358089
139.190000 0.409382 8.950000 0.026324 221.290000 0.650853 125.470000 0.369029
863.860000 0.426387 52.720000 0.026022 1334.040000 0.658460 777.980000 0.383998
171.720000 0.444870 11.660000 0.030207 257.620000 0.667409 153.180000 0.396839
317.520000 0.403969 18.140000 0.023079 512.820000 0.652443 285.380000 0.363079
224.220000 0.413690 -32.360000 -0.059705 370.580000 0.683727 199.060000 0.367269
59.720000 0.382821 -4.360000 -0.027949 96.340000 0.617564 54.020000 0.346282
186.180000 0.401250 5.400000 0.011638 301.920000 0.650690 167.980000 0.362026
564.800000 0.409275 25.440000 0.018435 893.920000 0.647768 504.240000 0.365391
194.300000 0.422391 13.860000 0.030130 296.420000 0.644391 175.500000 0.381522
384.740000 0.392592 6.080000 0.006204 640.660000 0.653735 347.300000 0.354388
543.520000 0.430681 52.160000 0.041331 815.220000 0.645975 492.860000 0.390539
195.560000 0.432655 2.820000 0.006239 294.180000 0.650841 175.720000 0.388761
108.970000 0.397701 7.270000 0.026533 178.380000 0.651022 97.610000 0.356241
131.190000 0.440235 8.330000 0.027953 196.260000 0.658591 118.630000 0.398087
122.610000 0.388006 -6.680000 -0.021139 208.990000 0.661361 109.300000 0.345886
188.880000 0.437222 12.240000 0.028333 286.180000 0.662454 168.720000 0.390556
148.530000 0.433032 3.890000 0.011341 225.100000 0.656268 133.260000 0.388513
385.680000 0.422895 34.540000 0.037873 596.400000 0.653947 347.160000 0.380658
178.810000 0.426754 0.470000 0.001122 277.780000 0.662959 159.850000 0.381504
233.360000 0.441970 27.020000 0.051174 343.300000 0.650189 211.340000 0.400265
166.960000 0.382059 5.580000 0.012769 281.800000 0.644851 149.720000 0.342609
312.120000 0.393594 4.560000 0.005750 524.030000 0.660820 278.610000 0.351337
273.620000 0.404763 15.980000 0.023639 443.320000 0.655799 246.620000 0.364822
82.210000 0.423763 -2.210000 -0.011392 132.090000 0.680876 73.730000 0.380052
448.440000 0.407673 -5.080000 -0.004618 733.360000 0.666691 401.920000 0.365382
143.940000 0.447019 23.110000 0.071770 206.690000 0.641894 129.710000 0.402826
91.970000 0.405154 0.570000 0.002511 150.590000 0.663392 81.850000 0.360573
206.360000 0.440940 13.080000 0.027949 308.210000 0.658568 185.230000 0.395791
37.540000 0.360962 -8.410000 -0.080865 69.640000 0.669615 33.330000 0.320481
108.760000 0.423191 -1.570000 -0.006109 176.090000 0.685175 96.360000 0.374942
294.760000 0.411676 18.980000 0.026508 460.660000 0.643380 266.380000 0.372039
571.480000 0.382005 54.760000 0.036604 954.800000 0.638235 514.080000 0.343636
93.170000 0.452282 11.600000 0.056311 134.060000 0.650777 84.020000 0.407864
708.480000 0.394916 45.840000 0.025552 1172.700000 0.653679 633.600000 0.353177
268.120000 0.391988 -8.030000 -0.011740 448.060000 0.655058 240.770000 0.352003
97.690000 0.458638 16.860000 0.079155 137.060000 0.643474 88.330000 0.414695
130.660000 0.404520 6.120000 0.018947 206.050000 0.637926 117.300000 0.363158
173.170000 0.399931 18.510000 0.042748 271.460000 0.626928 156.550000 0.361547
381.540000 0.410258 28.350000 0.030484 605.100000 0.650645 342.270000 0.368032
65.520000 0.394699 -2.580000 -0.015542 110.050000 0.662952 59.130000 0.356205
242.300000 0.437365 13.580000 0.024513 370.460000 0.668700 216.480000 0.390758
124.720000 0.381407 3.400000 0.010398 209.550000 0.640826 112.000000 0.342508
324.700000 0.394532 7.770000 0.009441 536.100000 0.651397 292.410000 0.355298
488.080000 0.373150 -32.680000 -0.024985 866.960000 0.662813 433.960000 0.331774
80.270000 0.376854 -5.750000 -0.026995 139.530000 0.655070 73.160000 0.343474
206.460000 0.439277 10.470000 0.022277 309.790000 0.659128 185.100000 0.393830
247.560000 0.401883 3.460000 0.005617 408.280000 0.662792 221.220000 0.359123
128.670000 0.405899 1.200000 0.003785 207.220000 0.653691 116.580000 0.367760
452.060000 0.402906 29.300000 0.026114 733.300000 0.653565 405.640000 0.361533
117.960000 0.408166 4.030000 0.013945 186.820000 0.646436 106.720000 0.369273
98.570000 0.345860 -15.010000 -0.052667 184.480000 0.647298 87.980000 0.308702
132.520000 0.444698 3.310000 0.011107 199.360000 0.668993 118.670000 0.398221
371.640000 0.430139 52.280000 0.060509 563.640000 0.652361 335.560000 0.388380
254.510000 0.424183 22.350000 0.037250 389.510000 0.649183 229.830000 0.383050
152.250000 0.401715 -8.440000 -0.022269 253.680000 0.669340 136.030000 0.358918
271.150000 0.399337 -11.010000 -0.016215 450.630000 0.663667 241.210000 0.355243
228.690000 0.462000 16.740000 0.033818 330.240000 0.667152 206.760000 0.417697
154.460000 0.416334 9.930000 0.026765 240.530000 0.648329 138.430000 0.373127
87.650000 0.363693 -0.370000 -0.001535 152.740000 0.633776 78.850000 0.327178
87.920000 0.437413 9.390000 0.046716 130.580000 0.649652 79.180000 0.393930
140.940000 0.459088 26.240000 0.085472 196.550000 0.640228 127.180000 0.414267
534.040000 0.398537 54.240000 0.040478 865.760000 0.646090 477.640000 0.356448
329.340000 0.381181 22.700000 0.026273 551.860000 0.638727 296.040000 0.342639
70.850000 0.432012 3.740000 0.022805 108.550000 0.661890 63.780000 0.388902
115.250000 0.414568 12.690000 0.045647 182.850000 0.657734 103.300000 0.371583
267.040000 0.399760 26.280000 0.039341 434.460000 0.650389 238.640000 0.357246
762.920000 0.446674 75.800000 0.044379 1111.080000 0.650515 692.600000 0.405504
301.680000 0.405484 0.000000 0.000000 493.320000 0.663065 267.480000 0.359516
138.430000 0.449448 14.560000 0.047273 198.300000 0.643831 124.900000 0.405519
122.170000 0.382978 3.730000 0.011693 210.240000 0.659060 109.270000 0.342539
413.800000 0.420528 1.880000 0.001911 659.200000 0.669919 370.120000 0.376138
88.980000 0.417746 2.280000 0.010704 140.310000 0.658732 79.390000 0.372723
241.450000 0.440602 27.770000 0.050675 357.080000 0.651606 215.920000 0.394015
232.670000 0.428490 12.550000 0.023112 354.070000 0.652063 209.090000 0.385064
112.140000 0.436342 17.550000 0.068288 165.670000 0.644630 100.600000 0.391440
167.000000 0.383028 -1.510000 -0.003463 290.000000 0.665138 148.970000 0.341674
173.760000 0.415694 15.740000 0.037656 266.940000 0.638612 155.940000 0.373062
337.560000 0.420898 19.660000 0.024514 524.840000 0.654414 304.500000 0.379676
303.340000 0.402308 4.620000 0.006127 499.080000 0.661910 272.220000 0.361034
124.060000 0.402792 -0.750000 -0.002435 199.710000 0.648409 111.540000 0.362143
217.640000 0.430119 1.250000 0.002470 339.250000 0.670455 196.750000 0.388834
1093.200000 0.400733 -11.880000 -0.004355 1802.140000 0.660609 978.140000 0.358556
124.560000 0.411089 -1.650000 -0.005446 204.440000 0.674719 111.420000 0.367723
48.090000 0.384720 4.240000 0.033920 81.010000 0.648080 43.280000 0.346240
233.220000 0.395288 1.000000 0.001695 392.300000 0.664915 209.420000 0.354949
176.980000 0.411581 6.780000 0.015767 284.040000 0.660558 157.600000 0.366512
51.740000 0.394962 0.120000 0.000916 85.630000 0.653664 46.460000 0.354656
490.620000 0.395981 -38.820000 -0.031332 824.310000 0.665303 441.510000 0.356344
165.990000 0.375543 4.720000 0.010679 280.730000 0.635136 150.010000 0.339389
48.790000 0.451759 2.540000 0.023519 70.780000 0.655370 44.060000 0.407963
189.880000 0.433516 -23.440000 -0.053516 293.220000 0.669452 169.760000 0.387580
77.390000 0.425220 5.220000 0.028681 120.800000 0.663736 69.370000 0.381154
59.710000 0.385226 5.160000 0.033290 99.410000 0.641355 53.880000 0.347613
77.600000 0.419459 -3.800000 -0.020541 123.330000 0.666649 69.610000 0.376270
82.760000 0.478382 3.220000 0.018613 114.600000 0.662428 75.300000 0.435260
151.420000 0.418287 10.120000 0.027956 242.580000 0.670110 134.360000 0.371160
53.220000 0.409385 -2.840000 -0.021846 86.110000 0.662385 47.340000 0.364154
81.380000 0.419485 0.020000 0.000103 129.860000 0.669381 72.620000 0.374330
35.720000 0.435610 4.450000 0.054268 52.130000 0.635732 32.040000 0.390732
132.800000 0.417610 -3.360000 -0.010566 212.450000 0.668082 117.670000 0.370031
27.700000 0.395714 -4.690000 -0.067000 45.090000 0.644143 24.710000 0.353000
96.760000 0.483800 -1.560000 -0.007800 141.560000 0.707800 86.200000 0.431000
571.080000 0.415029 44.640000 0.032442 908.800000 0.660465 512.800000 0.372674
57.380000 0.418832 -2.820000 -0.020584 93.430000 0.681971 51.170000 0.373504
79.530000 0.427581 -6.410000 -0.034462 124.190000 0.667688 70.940000 0.381398
113.020000 0.384422 11.540000 0.039252 191.580000 0.651633 100.760000 0.342721
162.120000 0.399310 5.780000 0.014236 264.920000 0.652512 144.680000 0.356355
80.130000 0.437869 -0.330000 -0.001803 123.370000 0.674153 72.270000 0.394918
722.400000 0.445926 14.840000 0.009160 1068.800000 0.659753 650.840000 0.401753
45.230000 0.407477 -8.990000 -0.080991 76.270000 0.687117 40.420000 0.364144
109.620000 0.431575 14.780000 0.058189 163.720000 0.644567 99.500000 0.391732
152.670000 0.432493 10.210000 0.028924 234.420000 0.664079 136.690000 0.387224
163.090000 0.431455 15.150000 0.040079 244.170000 0.645952 145.980000 0.386190
86.850000 0.375974 4.950000 0.021429 147.500000 0.638528 78.320000 0.339048
96.380000 0.481900 8.520000 0.042600 131.860000 0.659300 87.560000 0.437800
81.820000 0.393365 -2.420000 -0.011635 133.280000 0.640769 75.130000 0.361202
249.560000 0.401222 19.580000 0.031479 396.900000 0.638103 224.000000 0.360129
74.120000 0.409503 2.750000 0.015193 120.150000 0.663812 66.200000 0.365746
76.860000 0.417717 -10.160000 -0.055217 126.960000 0.690000 68.220000 0.370761
187.880000 0.440000 -1.200000 -0.002810 279.810000 0.655293 168.570000 0.394778
170.200000 0.402364 -15.310000 -0.036194 272.280000 0.643688 151.880000 0.359054
84.760000 0.403619 3.000000 0.014286 138.800000 0.660952 75.320000 0.358667
36.990000 0.425172 -2.500000 -0.028736 60.580000 0.696322 32.610000 0.374828
352.710000 0.413979 14.950000 0.017547 550.280000 0.645869 317.810000 0.373016
433.550000 0.420922 34.050000 0.033058 659.350000 0.640146 389.850000 0.378495
278.840000 0.403531 -13.990000 -0.020246 456.890000 0.661201 251.210000 0.363546
69.100000 0.426543 5.990000 0.036975 105.920000 0.653827 61.600000 0.380247
30.350000 0.357059 -3.810000 -0.044824 56.470000 0.664353 27.490000 0.323412
47.090000 0.385984 3.470000 0.028443 76.400000 0.626230 42.840000 0.351148
59.860000 0.446716 6.260000 0.046716 86.260000 0.643731 54.360000 0.405672
138.900000 0.417117 9.160000 0.027508 219.120000 0.658018 124.790000 0.374745
54.000000 0.397059 2.280000 0.016765 92.380000 0.679265 47.940000 0.352500
80.810000 0.423089 1.550000 0.008115 127.830000 0.669267 72.930000 0.381832
23.100000 0.325352 -2.350000 -0.033099 47.520000 0.669296 20.460000 0.288169
94.020000 0.412368 0.020000 0.000088 147.420000 0.646579 84.620000 0.371140
76.820000 0.426778 0.240000 0.001333 123.300000 0.685000 68.680000 0.381556
205.620000 0.387962 1.500000 0.002830 345.040000 0.651019 183.560000 0.346340
39.370000 0.414421 -1.790000 -0.018842 64.920000 0.683368 35.640000 0.375158
200.680000 0.370258 -9.120000 -0.016827 362.420000 0.668672 178.720000 0.329742
58.900000 0.377564 -2.530000 -0.016218 102.690000 0.658269 52.790000 0.338397
45.220000 0.380000 -4.380000 -0.036807 79.780000 0.670420 40.170000 0.337563
86.040000 0.425941 -1.880000 -0.009307 133.320000 0.660000 77.380000 0.383069
137.100000 0.391714 9.060000 0.025886 216.020000 0.617200 124.100000 0.354571
137.690000 0.437111 11.800000 0.037460 207.960000 0.660190 123.390000 0.391714
106.260000 0.450254 10.940000 0.046356 152.400000 0.645763 95.380000 0.404153
54.650000 0.401838 3.860000 0.028382 87.490000 0.643309 48.590000 0.357279
501.320000 0.428479 8.180000 0.006991 781.100000 0.667607 449.180000 0.383915
172.530000 0.391224 -22.770000 -0.051633 288.300000 0.653741 154.140000 0.349524
59.650000 0.451894 4.370000 0.033106 86.570000 0.655833 54.100000 0.409848
45.840000 0.467755 1.280000 0.013061 66.030000 0.673776 41.260000 0.421020
92.630000 0.422968 -12.640000 -0.057717 147.190000 0.672100 82.240000 0.375525
99.410000 0.402470 38.050000 0.154049 143.810000 0.582227 90.210000 0.365223
137.760000 0.417455 1.980000 0.006000 216.360000 0.655636 124.110000 0.376091
46.810000 0.441604 0.560000 0.005283 72.390000 0.682925 42.140000 0.397547
63.720000 0.400755 -0.630000 -0.003962 106.800000 0.671698 56.500000 0.355346
36.560000 0.369293 -0.980000 -0.009899 61.920000 0.625455 32.690000 0.330202
204.400000 0.436752 -5.980000 -0.012778 315.820000 0.674829 182.520000 0.390000
161.640000 0.423141 6.430000 0.016832 249.250000 0.652487 145.130000 0.379921
102.480000 0.409920 1.440000 0.005760 164.640000 0.658560 92.060000 0.368240
57.340000 0.421618 0.140000 0.001029 88.970000 0.654191 51.400000 0.377941
142.900000 0.414203 -5.050000 -0.014638 227.250000 0.658696 127.600000 0.369855
241.160000 0.440073 -17.960000 -0.032774 377.040000 0.688029 213.160000 0.388978
100.950000 0.354211 -12.000000 -0.042105 184.860000 0.648632 89.670000 0.314632
168.710000 0.384305 -7.600000 -0.017312 286.140000 0.651800 152.230000 0.346765
64.520000 0.362472 -6.040000 -0.033933 118.940000 0.668202 57.880000 0.325169
31.200000 0.427397 3.130000 0.042877 47.580000 0.651781 27.780000 0.380548
72.760000 0.408764 -9.460000 -0.053146 119.350000 0.670506 64.700000 0.363483
50.680000 0.422333 14.220000 0.118500 74.720000 0.622667 46.340000 0.386167
296.490000 0.393745 6.270000 0.008327 498.030000 0.661394 265.350000 0.352390
25.720000 0.357222 -1.880000 -0.026111 47.460000 0.659167 22.880000 0.317778
73.460000 0.412697 -1.220000 -0.006854 116.360000 0.653708 66.120000 0.371461
227.440000 0.326782 -22.320000 -0.032069 456.400000 0.655747 204.560000 0.293908
48.760000 0.377984 -7.830000 -0.060698 89.170000 0.691240 43.410000 0.336512
30.820000 0.434085 2.650000 0.037324 46.620000 0.656620 27.640000 0.389296
50.780000 0.437759 7.320000 0.063103 73.570000 0.634224 45.610000 0.393190
26.670000 0.398060 -3.100000 -0.046269 45.520000 0.679403 23.870000 0.356269
107.850000 0.421289 -0.610000 -0.002383 171.950000 0.671680 95.950000 0.374805
48.240000 0.389032 -7.600000 -0.061290 84.840000 0.684194 43.330000 0.349435
39.970000 0.429785 -6.610000 -0.071075 65.110000 0.700108 35.250000 0.379032
272.220000 0.397982 22.860000 0.033421 447.210000 0.653816 242.880000 0.355088
591.920000 0.422800 85.840000 0.061314 886.800000 0.633429 535.680000 0.382629
53.670000 0.412846 -0.600000 -0.004615 86.130000 0.662538 48.110000 0.370077
648.000000 0.408060 30.560000 0.019244 1042.600000 0.656549 579.920000 0.365189
183.980000 0.424896 16.710000 0.038591 282.060000 0.651409 164.730000 0.380439
152.160000 0.402540 30.990000 0.081984 240.510000 0.636270 136.560000 0.361270
68.340000 0.429811 1.970000 0.012390 101.900000 0.640881 62.040000 0.390189
50.410000 0.430855 -1.960000 -0.016752 77.400000 0.661538 45.460000 0.388547
26.580000 0.443000 10.840000 0.180667 35.140000 0.585667 24.760000 0.412667
209.460000 0.392247 -31.140000 -0.058315 374.940000 0.702135 186.540000 0.349326
63.740000 0.433605 -0.390000 -0.002653 96.870000 0.658980 57.050000 0.388095
66.980000 0.434935 -0.280000 -0.001818 102.880000 0.668052 60.340000 0.391818
276.630000 0.403251 -9.330000 -0.013601 455.490000 0.663980 247.580000 0.360904
58.990000 0.436963 -0.330000 -0.002444 89.360000 0.661926 53.020000 0.392741
224.980000 0.401750 -2.860000 -0.005107 362.000000 0.646429 204.100000 0.364464
121.520000 0.399737 -6.720000 -0.022105 197.720000 0.650395 108.280000 0.356184
112.880000 0.386575 -13.270000 -0.045445 196.800000 0.673973 102.220000 0.350068
57.860000 0.452031 0.130000 0.001016 86.920000 0.679063 52.890000 0.413203
162.300000 0.428232 15.080000 0.039789 243.300000 0.641953 146.630000 0.386887
85.660000 0.341275 -4.680000 -0.018645 150.980000 0.601514 76.920000 0.306454
130.460000 0.415478 -15.400000 -0.049045 216.920000 0.690828 114.920000 0.365987
62.220000 0.457500 -5.460000 -0.040147 94.160000 0.692353 55.320000 0.406765
55.680000 0.412444 -5.410000 -0.040074 91.020000 0.674222 49.390000 0.365852
218.440000 0.395009 18.150000 0.032821 357.460000 0.646401 195.810000 0.354087
75.910000 0.431307 -0.870000 -0.004943 116.520000 0.662045 68.180000 0.387386
250.660000 0.428479 4.090000 0.006991 390.550000 0.667607 224.590000 0.383915
71.350000 0.410057 5.140000 0.029540 115.180000 0.661954 64.270000 0.369368
52.950000 0.448729 0.260000 0.002203 79.130000 0.670593 48.070000 0.407373
158.440000 0.420265 7.290000 0.019337 246.330000 0.653395 142.310000 0.377480
40.680000 0.383774 3.420000 0.032264 69.030000 0.651226 36.480000 0.344151
135.860000 0.414207 9.500000 0.028963 210.320000 0.641220 122.080000 0.372195
104.560000 0.414921 5.240000 0.020794 167.280000 0.663810 92.860000 0.368492
55.230000 0.409111 -2.360000 -0.017481 89.880000 0.665778 49.450000 0.366296
362.140000 0.410590 25.580000 0.029002 574.780000 0.651678 323.380000 0.366644
165.240000 0.408000 6.180000 0.015259 267.650000 0.660864 147.770000 0.364864
120.440000 0.436377 13.020000 0.047174 176.900000 0.640942 108.970000 0.394819
125.800000 0.427891 -8.840000 -0.030068 196.900000 0.669728 113.640000 0.386531
60.620000 0.340562 -14.900000 -0.083708 115.320000 0.647865 55.940000 0.314270
128.800000 0.407595 -3.980000 -0.012595 204.900000 0.648418 115.160000 0.364430
93.580000 0.458725 8.900000 0.043627 135.370000 0.663578 84.650000 0.414951
51.330000 0.404173 -5.320000 -0.041890 84.750000 0.667323 45.400000 0.357480
62.960000 0.391056 4.680000 0.029068 105.030000 0.652360 56.590000 0.351491
135.580000 0.413354 10.400000 0.031707 213.540000 0.651037 120.660000 0.367866
247.120000 0.418139 1.050000 0.001777 383.920000 0.649611 220.880000 0.373739
173.900000 0.408216 10.980000 0.025775 271.140000 0.636479 157.140000 0.368873
185.660000 0.442048 14.940000 0.035571 280.080000 0.666857 165.480000 0.394000
90.730000 0.444755 0.570000 0.002794 139.040000 0.681569 80.790000 0.396029
190.800000 0.418421 23.210000 0.050899 290.630000 0.637346 172.040000 0.377281
64.200000 0.445833 -3.920000 -0.027222 98.770000 0.685903 57.450000 0.398958
50.220000 0.298929 -27.060000 -0.161071 112.020000 0.666786 44.960000 0.267619
35.470000 0.432561 1.230000 0.015000 53.730000 0.655244 31.920000 0.389268
129.920000 0.427368 0.840000 0.002763 202.480000 0.666053 117.960000 0.388026
105.220000 0.389704 -14.240000 -0.052741 176.900000 0.655185 94.920000 0.351556
67.890000 0.421677 3.400000 0.021118 106.690000 0.662671 61.060000 0.379255
105.750000 0.387363 7.260000 0.026593 176.250000 0.645604 96.810000 0.354615
143.520000 0.398667 10.900000 0.030278 234.940000 0.652611 128.360000 0.356556
259.130000 0.437720 -14.810000 -0.025017 398.370000 0.672922 231.180000 0.390507
100.690000 0.435887 5.800000 0.025108 151.920000 0.657662 90.180000 0.390390
57.970000 0.460079 2.180000 0.017302 82.060000 0.651270 52.360000 0.415556
84.400000 0.468889 1.680000 0.009333 122.140000 0.678556 76.760000 0.426444
100.840000 0.427288 8.930000 0.037839 150.550000 0.637924 90.450000 0.383263
61.720000 0.376341 9.440000 0.057561 101.560000 0.619268 56.800000 0.346341
99.800000 0.392913 -2.780000 -0.010945 166.880000 0.657008 89.020000 0.350472
59.810000 0.388377 -18.070000 -0.117338 109.330000 0.709935 52.290000 0.339545
119.100000 0.461628 5.420000 0.021008 173.060000 0.670775 107.300000 0.415891
186.900000 0.406304 22.380000 0.048652 289.540000 0.629435 167.760000 0.364696
95.440000 0.391148 6.260000 0.025656 157.080000 0.643770 86.220000 0.353361
34.460000 0.378681 -1.440000 -0.015824 58.340000 0.641099 30.490000 0.335055
80.750000 0.416237 8.630000 0.044485 125.960000 0.649278 73.180000 0.377216
60.010000 0.431727 2.850000 0.020504 91.490000 0.658201 53.710000 0.386403
87.380000 0.414123 -17.610000 -0.083460 148.590000 0.704218 78.800000 0.373460
325.920000 0.413080 12.060000 0.015285 518.850000 0.657605 291.540000 0.369506
232.580000 0.450736 14.600000 0.028295 340.660000 0.660194 210.600000 0.408140
29.800000 0.419718 -6.030000 -0.084930 50.860000 0.716338 26.130000 0.368028
21.310000 0.367414 0.930000 0.016034 39.250000 0.676724 18.760000 0.323448
426.060000 0.437433 2.220000 0.002279 659.740000 0.677351 380.820000 0.390986
84.380000 0.426162 4.180000 0.021111 131.680000 0.665051 75.840000 0.383030
27.710000 0.379589 -5.740000 -0.078630 51.330000 0.703151 24.180000 0.331233
467.960000 0.394570 16.900000 0.014250 769.420000 0.648752 419.000000 0.353288
60.220000 0.376375 -5.990000 -0.037438 104.950000 0.655937 53.910000 0.336938
167.170000 0.425369 4.100000 0.010433 261.530000 0.665471 149.320000 0.379949
767.760000 0.422775 19.240000 0.010595 1177.000000 0.648128 692.240000 0.381189
401.440000 0.421681 49.960000 0.052479 613.400000 0.644328 360.840000 0.379034
86.350000 0.385491 0.130000 0.000580 144.100000 0.643304 76.710000 0.342455
110.670000 0.430623 20.410000 0.079416 166.160000 0.646537 98.980000 0.385136
178.960000 0.426095 12.500000 0.029762 272.960000 0.649905 160.520000 0.382190
222.670000 0.403388 4.590000 0.008315 368.460000 0.667500 199.450000 0.361322
248.730000 0.418737 19.240000 0.032391 393.240000 0.662020 221.700000 0.373232
167.160000 0.439895 -2.920000 -0.007684 255.640000 0.672737 149.340000 0.393000
36.940000 0.405934 -1.200000 -0.013187 60.610000 0.666044 33.080000 0.363516
105.610000 0.424137 6.870000 0.027590 164.670000 0.661325 93.400000 0.375100
93.950000 0.430963 -1.910000 -0.008761 147.930000 0.678578 84.210000 0.386284
24.770000 0.381077 5.530000 0.085077 39.810000 0.612462 22.330000 0.343538
98.560000 0.421197 15.940000 0.068120 147.620000 0.630855 89.080000 0.380684
34.150000 0.421605 3.390000 0.041852 53.010000 0.654444 31.160000 0.384691
95.120000 0.377460 -17.330000 -0.068770 165.380000 0.656270 85.310000 0.338532
103.990000 0.427942 7.890000 0.032469 158.520000 0.652346 93.700000 0.385597
49.890000 0.344069 2.020000 0.013931 92.040000 0.634759 44.250000 0.305172
79.940000 0.391863 -3.460000 -0.016961 134.500000 0.659314 71.460000 0.350294
124.790000 0.431799 8.460000 0.029273 188.600000 0.652595 111.980000 0.387474
707.940000 0.422903 68.100000 0.040681 1078.020000 0.643978 637.980000 0.381111
25.230000 0.371029 -4.010000 -0.058971 48.040000 0.706471 22.690000 0.333676
94.710000 0.444648 13.510000 0.063427 138.930000 0.652254 85.330000 0.400610
81.420000 0.401084 7.530000 0.037094 130.570000 0.643202 72.920000 0.359212
27.830000 0.376081 -1.270000 -0.017162 47.780000 0.645676 24.810000 0.335270
410.680000 0.415668 -24.460000 -0.024757 663.560000 0.671619 369.060000 0.373543
466.800000 0.394924 -1.710000 -0.001447 758.580000 0.641777 418.110000 0.353731
220.060000 0.426473 31.440000 0.060930 324.820000 0.629496 198.700000 0.385078
86.480000 0.411810 -2.950000 -0.014048 138.490000 0.659476 76.940000 0.366381
66.310000 0.427806 0.180000 0.001161 101.980000 0.657935 59.620000 0.384645
47.340000 0.391240 -3.990000 -0.032975 79.620000 0.658017 42.230000 0.349008
58.900000 0.409028 -3.100000 -0.021528 98.680000 0.685278 52.800000 0.366667
120.250000 0.407627 -6.070000 -0.020576 195.440000 0.662508 106.490000 0.360983
54.340000 0.452833 -0.200000 -0.001667 82.680000 0.689000 48.720000 0.406000
140.260000 0.438313 6.940000 0.021687 209.960000 0.656125 126.130000 0.394156
156.260000 0.431657 10.060000 0.027790 237.240000 0.655359 140.560000 0.388287
91.590000 0.418219 13.800000 0.063014 139.710000 0.637945 82.520000 0.376804
112.750000 0.425472 1.280000 0.004830 175.480000 0.662189 101.270000 0.382151
237.370000 0.408554 12.670000 0.021807 383.670000 0.660361 210.980000 0.363133
36.470000 0.400769 -1.010000 -0.011099 60.350000 0.663187 32.710000 0.359451
155.570000 0.445759 17.680000 0.050659 228.230000 0.653954 140.430000 0.402378
268.740000 0.399911 28.800000 0.042857 441.180000 0.656518 239.940000 0.357054
138.000000 0.425926 -44.720000 -0.138025 240.360000 0.741852 120.200000 0.370988
111.430000 0.430232 10.650000 0.041120 167.350000 0.646139 99.810000 0.385367
59.860000 0.427571 1.920000 0.013714 93.160000 0.665429 53.490000 0.382071
94.760000 0.408448 8.540000 0.036810 148.720000 0.641034 84.850000 0.365733
73.780000 0.400978 -2.750000 -0.014946 124.150000 0.674728 65.620000 0.356630
173.700000 0.396575 -22.560000 -0.051507 286.180000 0.653379 154.850000 0.353539
127.680000 0.420000 -4.060000 -0.013355 201.420000 0.662566 114.880000 0.377895
198.800000 0.388281 -19.120000 -0.037344 341.880000 0.667734 178.040000 0.347734
140.420000 0.420419 16.310000 0.048832 216.390000 0.647874 125.000000 0.374251
126.240000 0.380241 -8.740000 -0.026325 217.520000 0.655181 112.900000 0.340060
72.020000 0.450125 0.810000 0.005062 106.760000 0.667250 64.830000 0.405187
42.320000 0.395514 -1.900000 -0.017757 72.030000 0.673178 37.990000 0.355047
89.890000 0.369918 11.430000 0.047037 151.420000 0.623128 79.690000 0.327942
65.530000 0.428301 5.660000 0.036993 102.380000 0.669150 58.910000 0.385033
73.460000 0.429591 -0.190000 -0.001111 114.280000 0.668304 65.450000 0.382749
113.130000 0.394181 13.470000 0.046934 184.810000 0.643937 102.280000 0.356376
21.650000 0.400926 -1.670000 -0.030926 37.140000 0.687778 19.300000 0.357407
34.980000 0.356939 2.110000 0.021531 63.860000 0.651633 31.200000 0.318367
123.750000 0.385514 -6.770000 -0.021090 213.620000 0.665483 110.520000 0.344299
154.810000 0.411729 9.430000 0.025080 243.560000 0.647766 138.680000 0.368830
42.680000 0.418431 11.160000 0.109412 60.300000 0.591176 38.840000 0.380784
38.000000 0.387755 -3.660000 -0.037347 65.860000 0.672041 33.380000 0.340612
54.450000 0.370408 -3.260000 -0.022177 98.160000 0.667755 48.160000 0.327619
85.680000 0.437143 11.040000 0.056327 124.810000 0.636786 77.750000 0.396684
122.670000 0.413030 9.150000 0.030808 195.970000 0.659832 109.430000 0.368451
70.740000 0.426145 -0.910000 -0.005482 110.970000 0.668494 62.990000 0.379458
57.810000 0.441298 5.790000 0.044198 86.240000 0.658321 52.070000 0.397481
24.000000 0.363636 -1.160000 -0.017576 39.280000 0.595152 21.100000 0.319697
91.860000 0.387595 -2.880000 -0.012152 155.640000 0.656709 81.790000 0.345105
133.080000 0.386860 13.050000 0.037936 222.230000 0.646017 118.360000 0.344070
300.420000 0.388140 45.360000 0.058605 499.080000 0.644806 269.100000 0.347674
66.340000 0.430779 6.430000 0.041753 102.730000 0.667078 59.780000 0.388182
224.650000 0.432019 8.960000 0.017231 347.570000 0.668404 201.330000 0.387173
82.610000 0.423641 -3.690000 -0.018923 132.670000 0.680359 74.070000 0.379846
86.200000 0.397235 43.780000 0.201751 123.020000 0.566912 78.640000 0.362396
255.580000 0.433922 8.460000 0.014363 385.350000 0.654244 229.160000 0.389066
108.570000 0.420814 -0.420000 -0.001628 167.910000 0.650814 98.850000 0.383140
194.570000 0.428568 -3.400000 -0.007489 302.630000 0.666586 172.760000 0.380529
229.800000 0.405291 21.780000 0.038413 369.720000 0.652063 205.770000 0.362910
84.250000 0.438802 2.120000 0.011042 128.040000 0.666875 75.630000 0.393906
265.920000 0.437368 26.700000 0.043914 395.180000 0.649967 240.200000 0.395066
59.700000 0.408904 -8.280000 -0.056712 97.350000 0.666781 53.660000 0.367534
71.970000 0.444259 -2.840000 -0.017531 109.160000 0.673827 64.520000 0.398272
62.750000 0.410131 6.620000 0.043268 97.260000 0.635686 56.240000 0.367582
135.060000 0.404371 3.090000 0.009251 219.400000 0.656886 121.760000 0.364551
165.110000 0.415894 3.750000 0.009446 258.500000 0.651134 148.200000 0.373300
151.080000 0.406129 6.960000 0.018710 246.350000 0.662231 135.340000 0.363817
66.110000 0.429286 6.310000 0.040974 102.710000 0.666948 59.520000 0.386494
132.640000 0.422420 -7.700000 -0.024522 211.500000 0.673567 118.640000 0.377834
48.860000 0.390880 1.590000 0.012720 81.420000 0.651360 43.790000 0.350320
37.550000 0.368137 -4.160000 -0.040784 67.820000 0.664902 33.230000 0.325784
58.100000 0.358642 -6.990000 -0.043148 105.640000 0.652099 52.870000 0.326358
183.090000 0.409597 -11.190000 -0.025034 302.010000 0.675638 163.740000 0.366309
69.440000 0.403721 -2.760000 -0.016047 110.810000 0.644244 62.780000 0.365000
93.540000 0.334071 -11.900000 -0.042500 184.900000 0.660357 84.240000 0.300857
95.460000 0.399414 -6.370000 -0.026653 161.150000 0.674268 84.950000 0.355439
64.780000 0.449861 -7.840000 -0.054444 97.340000 0.675972 57.840000 0.401667
186.960000 0.401202 -6.620000 -0.014206 305.020000 0.654549 167.240000 0.358884
53.230000 0.415859 -2.410000 -0.018828 85.080000 0.664687 47.340000 0.369844
166.840000 0.412970 75.360000 0.186535 242.720000 0.600792 152.640000 0.377822
60.790000 0.410743 -12.420000 -0.083919 104.070000 0.703176 53.470000 0.361284
60.420000 0.419583 -2.100000 -0.014583 95.000000 0.659722 54.540000 0.378750
128.230000 0.428863 -11.660000 -0.038997 203.210000 0.679632 114.820000 0.384013
46.870000 0.464059 3.620000 0.035842 67.530000 0.668614 42.140000 0.417228
224.050000 0.435049 -2.400000 -0.004660 343.000000 0.666019 199.200000 0.386796
48.930000 0.401066 -4.220000 -0.034590 78.530000 0.643689 43.650000 0.357787
329.050000 0.431824 7.760000 0.010184 508.480000 0.667297 294.820000 0.386903
423.400000 0.395701 -16.680000 -0.015589 713.440000 0.666766 377.280000 0.352598
133.860000 0.391404 12.930000 0.037807 216.660000 0.633509 121.200000 0.354386
76.170000 0.409516 8.480000 0.045591 119.440000 0.642151 68.340000 0.367419
38.280000 0.435000 -0.140000 -0.001591 60.100000 0.682955 33.970000 0.386023
91.940000 0.442019 -5.660000 -0.027212 142.880000 0.686923 81.840000 0.393462
87.080000 0.463191 4.820000 0.025638 126.020000 0.670319 78.200000 0.415957
150.290000 0.406189 4.850000 0.013108 246.300000 0.665676 134.430000 0.363324
108.280000 0.411711 7.090000 0.026958 169.620000 0.644943 96.790000 0.368023
123.580000 0.399935 -7.720000 -0.024984 207.110000 0.670259 109.940000 0.355793
175.240000 0.401927 4.760000 0.010917 281.200000 0.644954 157.560000 0.361376
48.390000 0.375116 -0.590000 -0.004574 83.380000 0.646357 43.280000 0.335504
71.990000 0.433675 -3.050000 -0.018373 113.430000 0.683313 64.040000 0.385783
56.190000 0.384863 7.670000 0.052534 94.370000 0.646370 50.550000 0.346233
28.140000 0.302581 -5.110000 -0.054946 59.720000 0.642151 25.270000 0.271720
54.920000 0.442903 11.130000 0.089758 81.090000 0.653952 49.040000 0.395484
91.120000 0.414182 6.880000 0.031273 145.380000 0.660818 81.900000 0.372273
66.330000 0.409444 -10.000000 -0.061728 113.700000 0.701852 58.440000 0.360741
129.840000 0.427105 -2.040000 -0.006711 205.960000 0.677500 114.800000 0.377632
84.100000 0.440314 -13.900000 -0.072775 129.630000 0.678691 75.010000 0.392723
100.340000 0.440088 8.780000 0.038509 151.420000 0.664123 90.100000 0.395175
132.320000 0.402188 -2.660000 -0.008085 218.280000 0.663465 118.590000 0.360456
119.780000 0.407415 -0.040000 -0.000136 192.960000 0.656327 106.800000 0.363265
162.080000 0.442842 -5.220000 -0.014262 246.800000 0.674317 146.460000 0.400164
27.020000 0.415692 -3.830000 -0.058923 44.910000 0.690923 23.890000 0.367538
33.270000 0.378068 1.190000 0.013523 57.640000 0.655000 29.640000 0.336818
114.790000 0.420476 11.060000 0.040513 176.970000 0.648242 102.680000 0.376117
51.380000 0.431765 -3.340000 -0.028067 80.410000 0.675714 46.210000 0.388319
28.490000 0.395694 -0.420000 -0.005833 46.470000 0.645417 25.780000 0.358056
47.670000 0.433364 0.550000 0.005000 72.610000 0.660091 42.920000 0.390182
74.210000 0.449758 -12.520000 -0.075879 112.540000 0.682061 66.100000 0.400606
29.320000 0.412958 -1.680000 -0.023662 48.160000 0.678310 26.180000 0.368732
63.020000 0.396352 -3.270000 -0.020566 105.730000 0.664969 56.570000 0.355786
277.800000 0.442357 23.780000 0.037866 421.050000 0.670462 250.480000 0.398854
160.680000 0.420628 20.300000 0.053141 249.100000 0.652094 143.260000 0.375026
22.320000 0.398571 -4.900000 -0.087500 38.630000 0.689821 19.590000 0.349821
126.370000 0.378353 1.850000 0.005539 215.680000 0.645749 112.970000 0.338234
127.400000 0.420462 -8.960000 -0.029571 209.470000 0.691320 113.010000 0.372970
26.580000 0.415312 1.150000 0.017969 42.050000 0.657031 24.190000 0.377969
47.060000 0.423964 -2.780000 -0.025045 74.700000 0.672973 42.190000 0.380090
337.040000 0.414054 -3.630000 -0.004459 550.330000 0.676081 300.410000 0.369054
94.650000 0.422545 7.360000 0.032857 145.380000 0.649018 84.720000 0.378214
248.040000 0.405294 -5.850000 -0.009559 404.460000 0.660882 222.060000 0.362843
190.720000 0.481616 9.960000 0.025152 262.640000 0.663232 171.520000 0.433131
128.880000 0.447500 7.600000 0.026389 191.720000 0.665694 116.120000 0.403194
291.170000 0.401614 -30.000000 -0.041379 484.360000 0.668083 260.700000 0.359586
143.460000 0.414624 -8.730000 -0.025231 237.460000 0.686301 128.140000 0.370347
61.780000 0.461045 12.360000 0.092239 86.740000 0.647313 56.280000 0.420000
831.240000 0.444038 53.160000 0.028397 1248.000000 0.666667 744.120000 0.397500
77.950000 0.399744 -6.530000 -0.033487 127.240000 0.652513 69.570000 0.356769
59.290000 0.400608 -6.490000 -0.043851 97.700000 0.660135 53.070000 0.358581
213.660000 0.422253 -23.580000 -0.046601 343.960000 0.679763 189.240000 0.373992
67.980000 0.397544 -1.080000 -0.006316 112.080000 0.655439 61.330000 0.358655
62.230000 0.426233 4.060000 0.027808 95.290000 0.652671 56.190000 0.384863
109.500000 0.429412 25.680000 0.100706 158.480000 0.621490 98.800000 0.387451
27.430000 0.442419 -0.710000 -0.011452 42.460000 0.684839 24.370000 0.393065
167.150000 0.424239 2.930000 0.007437 260.740000 0.661777 149.420000 0.379239
24.000000 0.393443 -0.670000 -0.010984 39.080000 0.640656 21.850000 0.358197
278.080000 0.396125 -29.300000 -0.041738 467.740000 0.666296 247.250000 0.352208
104.120000 0.369220 -20.490000 -0.072660 183.030000 0.649043 92.670000 0.328617
354.990000 0.418620 111.320000 0.131274 511.660000 0.603373 325.570000 0.383927
215.320000 0.385188 -0.920000 -0.001646 364.980000 0.652916 192.550000 0.344454
117.020000 0.422455 9.690000 0.034982 177.450000 0.640614 105.180000 0.379711
242.340000 0.407980 18.210000 0.030657 372.480000 0.627071 217.500000 0.366162
47.270000 0.387459 0.040000 0.000328 80.880000 0.662951 42.520000 0.348525
102.400000 0.414575 -2.230000 -0.009028 158.820000 0.642996 91.960000 0.372308
216.560000 0.373379 -59.280000 -0.102207 391.240000 0.674552 194.920000 0.336069
27.550000 0.399275 -6.160000 -0.089275 46.510000 0.674058 24.440000 0.354203
57.670000 0.447054 -2.800000 -0.021705 86.040000 0.666977 51.690000 0.400698
80.160000 0.501000 10.800000 0.067500 103.140000 0.644625 72.550000 0.453437
107.400000 0.372917 1.510000 0.005243 190.380000 0.661042 95.860000 0.332847
158.400000 0.437569 16.180000 0.044696 236.680000 0.653812 142.700000 0.394199
405.150000 0.425578 1.930000 0.002027 626.860000 0.658466 364.250000 0.382616
209.360000 0.467321 2.160000 0.004821 298.480000 0.666250 188.160000 0.420000
48.710000 0.427281 5.560000 0.048772 72.670000 0.637456 43.830000 0.384474
181.240000 0.353984 -42.840000 -0.083672 335.680000 0.655625 162.040000 0.316484
78.630000 0.432033 -7.860000 -0.043187 125.690000 0.690604 70.340000 0.386484
30.400000 0.416438 2.590000 0.035479 47.880000 0.655890 27.380000 0.375068
119.050000 0.444216 18.240000 0.068060 171.690000 0.640634 107.080000 0.399552
592.100000 0.409758 -22.700000 -0.015709 950.650000 0.657889 530.300000 0.366990
40.240000 0.419167 -3.240000 -0.033750 65.030000 0.677396 35.880000 0.373750
117.300000 0.428102 -2.820000 -0.010292 182.780000 0.667080 104.500000 0.381387
184.500000 0.389241 29.820000 0.062911 302.280000 0.637722 163.380000 0.344684
191.540000 0.425644 6.520000 0.014489 299.940000 0.666533 171.780000 0.381733
36.420000 0.418621 3.050000 0.035057 55.160000 0.634023 32.760000 0.376552
27.530000 0.430156 7.250000 0.113281 40.810000 0.637656 24.780000 0.387188
91.660000 0.398522 -8.040000 -0.034957 154.720000 0.672696 82.120000 0.357043
133.020000 0.418302 29.700000 0.093396 195.840000 0.615849 120.660000 0.379434
46.370000 0.441619 1.190000 0.011333 68.590000 0.653238 41.950000 0.399524
163.180000 0.436310 16.460000 0.044011 246.440000 0.658930 145.620000 0.389358
317.000000 0.437845 30.400000 0.041989 474.240000 0.655028 284.080000 0.392376
148.600000 0.453049 27.580000 0.084085 209.320000 0.638171 135.640000 0.413537
174.920000 0.382757 -5.330000 -0.011663 291.570000 0.638009 155.730000 0.340766
189.520000 0.425888 -6.390000 -0.014360 296.170000 0.665551 169.230000 0.380292
141.780000 0.447256 13.760000 0.043407 204.200000 0.644164 128.170000 0.404322
24.140000 0.389355 -4.730000 -0.076290 41.140000 0.663548 21.820000 0.351935
15.330000 0.383250 0.050000 0.001250 25.580000 0.639500 13.690000 0.342250
54.050000 0.367687 4.350000 0.029592 94.270000 0.641293 49.010000 0.333401
67.690000 0.391272 -2.500000 -0.014451 116.370000 0.672659 60.120000 0.347514
17.520000 0.318545 2.960000 0.053818 34.880000 0.634182 15.690000 0.285273
61.880000 0.423836 -1.510000 -0.010342 96.920000 0.663836 55.910000 0.382945
80.320000 0.438907 -5.530000 -0.030219 125.850000 0.687705 71.660000 0.391585
113.210000 0.414689 -5.900000 -0.021612 183.410000 0.671832 102.410000 0.375128
63.520000 0.432109 1.900000 0.012925 96.470000 0.656259 57.400000 0.390476
110.800000 0.410370 -0.400000 -0.001481 178.500000 0.661111 100.160000 0.370963
61.350000 0.400980 7.820000 0.051111 99.520000 0.650458 54.850000 0.358497
236.540000 0.442959 40.600000 0.076030 341.460000 0.639438 213.260000 0.399363
121.100000 0.417586 8.850000 0.030517 186.200000 0.642069 111.200000 0.383448
207.640000 0.459381 25.440000 0.056283 302.080000 0.668319 187.760000 0.415398
23.780000 0.389836 -4.760000 -0.078033 41.630000 0.682459 20.930000 0.343115
57.670000 0.447054 -2.800000 -0.021705 86.040000 0.666977 51.690000 0.400698
43.850000 0.362397 -8.300000 -0.068595 79.200000 0.654545 39.230000 0.324215
134.420000 0.408571 -19.260000 -0.058541 219.300000 0.666565 120.780000 0.367112
65.870000 0.484338 17.540000 0.128971 86.780000 0.638088 60.200000 0.442647
130.670000 0.379855 -6.250000 -0.018169 229.750000 0.667878 116.570000 0.338866
132.780000 0.390529 -12.280000 -0.036118 228.130000 0.670971 118.560000 0.348706
17.140000 0.380889 0.130000 0.002889 28.360000 0.630222 15.790000 0.350889
83.380000 0.393302 2.040000 0.009623 134.800000 0.635849 76.380000 0.360283
87.250000 0.421498 0.730000 0.003527 136.170000 0.657826 78.050000 0.377053
94.170000 0.416681 -1.970000 -0.008717 151.980000 0.672478 83.510000 0.369513
357.520000 0.378729 -7.280000 -0.007712 614.640000 0.651102 318.520000 0.337415
47.940000 0.428036 8.340000 0.074464 70.820000 0.632321 43.470000 0.388125
42.340000 0.392037 4.940000 0.045741 70.440000 0.652222 37.750000 0.349537
49.120000 0.409333 9.510000 0.079250 78.390000 0.653250 44.080000 0.367333
65.660000 0.412956 -10.330000 -0.064969 111.610000 0.701950 57.750000 0.363208
191.730000 0.409679 9.720000 0.020769 302.310000 0.645962 171.690000 0.366859
100.260000 0.394724 -6.000000 -0.023622 168.100000 0.661811 89.260000 0.351417
250.710000 0.430773 -20.700000 -0.035567 395.160000 0.678969 222.270000 0.381907
70.320000 0.418571 -1.160000 -0.006905 113.460000 0.675357 61.660000 0.367024
59.420000 0.424429 0.660000 0.004714 91.680000 0.654857 53.020000 0.378714
363.760000 0.445784 23.760000 0.029118 541.920000 0.664118 329.200000 0.403431
74.750000 0.408470 1.150000 0.006284 120.870000 0.660492 66.920000 0.365683
47.510000 0.439907 -0.900000 -0.008333 71.530000 0.662315 42.550000 0.393981
40.580000 0.441087 2.670000 0.029022 61.870000 0.672500 36.250000 0.394022
38.870000 0.377379 -6.240000 -0.060583 70.900000 0.688350 35.050000 0.340291
60.820000 0.410946 -12.320000 -0.083243 103.960000 0.702432 53.540000 0.361757
41.540000 0.388224 -2.200000 -0.020561 72.270000 0.675421 37.360000 0.349159
73.900000 0.439881 1.720000 0.010238 114.080000 0.679048 66.160000 0.393810
242.580000 0.442664 50.420000 0.092007 345.660000 0.630766 219.000000 0.399635
85.260000 0.435000 -4.820000 -0.024592 130.760000 0.667143 76.460000 0.390102
118.870000 0.387199 -5.790000 -0.018860 208.560000 0.679349 105.960000 0.345147
143.750000 0.415462 -7.960000 -0.023006 232.460000 0.671850 127.900000 0.369653
114.090000 0.427303 7.140000 0.026742 172.060000 0.644419 102.510000 0.383933
21.280000 0.380000 -0.790000 -0.014107 36.910000 0.659107 19.190000 0.342679
107.870000 0.358372 -8.530000 -0.028339 198.670000 0.660033 95.390000 0.316910
106.520000 0.368581 -4.100000 -0.014187 188.760000 0.653149 94.820000 0.328097
84.200000 0.421000 -8.760000 -0.043800 138.520000 0.692600 75.080000 0.375400
50.840000 0.406720 -0.810000 -0.006480 83.780000 0.670240 45.610000 0.364880
46.210000 0.401826 5.970000 0.051913 75.210000 0.654000 41.780000 0.363304
110.280000 0.463361 0.510000 0.002143 163.660000 0.687647 98.540000 0.414034
61.460000 0.445362 -1.380000 -0.010000 91.940000 0.666232 55.820000 0.404493
38.360000 0.339469 -0.120000 -0.001062 71.520000 0.632920 34.480000 0.305133
45.290000 0.448416 8.090000 0.080099 65.140000 0.644950 40.800000 0.403960
30.560000 0.372683 -1.480000 -0.018049 54.810000 0.668415 27.550000 0.335976
147.860000 0.403989 2.950000 0.008060 240.860000 0.658087 133.190000 0.363907
156.520000 0.362315 -37.700000 -0.087269 284.100000 0.657639 138.500000 0.320602
32.620000 0.429211 -5.580000 -0.073421 52.450000 0.690132 28.630000 0.376711
92.180000 0.404298 -10.880000 -0.047719 147.580000 0.647281 82.080000 0.360000
88.540000 0.466000 6.320000 0.033263 126.820000 0.667474 79.620000 0.419053
21.110000 0.376964 -0.580000 -0.010357 36.200000 0.646429 19.030000 0.339821
40.180000 0.372037 -0.560000 -0.005185 72.160000 0.668148 35.710000 0.330648
24.220000 0.417586 1.770000 0.030517 37.240000 0.642069 22.240000 0.383448
120.790000 0.394739 -0.540000 -0.001765 203.390000 0.664673 108.110000 0.353301
24.690000 0.374091 5.980000 0.090606 40.390000 0.611970 22.290000 0.337727
49.050000 0.398780 6.690000 0.054390 80.670000 0.655854 43.870000 0.356667
34.260000 0.349592 0.090000 0.000918 64.180000 0.654898 30.520000 0.311429
23.860000 0.411379 0.930000 0.016034 37.640000 0.648966 21.840000 0.376552
105.380000 0.308129 -29.560000 -0.086433 219.480000 0.641754 97.180000 0.284152
